                      COVERAGE
            [0, 1, 5, 6, 4, 7]
            [1, 5, 6, 7, 8, 4]
          [2, 3, 4, 18, 15, 5]
          [3, 2, 4, 15, 5, 18]
           [4, 5, 3, 6, 2, 15]
          [5, 6, 8, 7, 10, 11]
           [6, 8, 7, 5, 10, 9]
          [7, 8, 10, 9, 6, 11]
          [8, 7, 10, 9, 6, 11]
         [9, 7, 8, 10, 12, 13]
         [10, 8, 7, 11, 9, 13]
        [11, 10, 8, 13, 7, 14]
         [12, 13, 9, 10, 7, 8]
        [13, 12, 9, 10, 11, 8]
      [14, 16, 11, 19, 17, 10]
      [15, 21, 14, 18, 16, 27]
      [16, 14, 19, 17, 22, 11]
      [17, 16, 19, 13, 12, 22]
      [18, 20, 30, 15, 38, 21]
      [19, 22, 16, 23, 28, 24]
      [20, 18, 30, 26, 38, 37]
      [21, 25, 27, 29, 23, 22]
      [22, 19, 23, 28, 29, 24]
      [23, 29, 28, 22, 31, 32]
      [24, 28, 31, 22, 23, 19]
      [25, 27, 21, 29, 32, 35]
      [26, 39, 20, 38, 30, 18]
      [27, 25, 21, 35, 32, 29]
      [28, 31, 23, 24, 29, 22]
      [29, 23, 32, 28, 31, 33]
      [30, 38, 37, 20, 18, 48]
      [31, 28, 33, 23, 29, 32]
      [32, 33, 34, 29, 36, 31]
      [33, 34, 32, 31, 29, 36]
      [34, 33, 32, 36, 41, 31]
      [35, 42, 36, 43, 27, 25]
      [36, 34, 41, 35, 32, 45]
      [37, 38, 30, 42, 35, 47]
      [38, 30, 48, 37, 20, 47]
      [39, 26, 57, 67, 69, 63]
     [40, 49, 75, 55, 91, 100]
      [41, 45, 44, 36, 34, 46]
      [42, 43, 35, 47, 36, 45]
      [43, 42, 45, 36, 41, 47]
      [44, 41, 45, 46, 34, 33]
      [45, 41, 46, 43, 44, 36]
      [46, 45, 41, 44, 50, 51]
      [47, 42, 43, 53, 52, 45]
      [48, 38, 59, 62, 37, 65]
     [49, 40, 75, 55, 91, 100]
      [50, 51, 52, 58, 46, 45]
      [51, 50, 52, 58, 46, 45]
      [52, 51, 50, 58, 53, 46]
      [53, 47, 52, 58, 51, 64]
      [54, 56, 50, 51, 46, 44]
     [55, 49, 75, 102, 66, 91]
      [56, 54, 50, 51, 46, 58]
      [57, 69, 67, 79, 83, 39]
      [58, 52, 51, 50, 53, 46]
      [59, 65, 62, 64, 73, 70]
   [60, 61, 87, 121, 120, 126]
   [61, 60, 87, 121, 120, 126]
      [62, 65, 59, 64, 70, 73]
      [63, 71, 67, 78, 76, 84]
      [64, 70, 62, 65, 59, 73]
      [65, 62, 59, 64, 70, 73]
     [66, 72, 90, 74, 85, 108]
      [67, 76, 57, 83, 63, 79]
    [68, 97, 94, 87, 172, 138]
      [69, 57, 79, 88, 83, 67]
      [70, 64, 65, 62, 86, 73]
      [71, 78, 84, 63, 96, 73]
      [72, 66, 74, 85, 90, 77]
      [73, 82, 65, 70, 95, 86]
     [74, 85, 77, 72, 108, 66]
    [75, 91, 100, 49, 130, 55]
      [76, 98, 67, 83, 79, 63]
    [77, 85, 74, 118, 72, 109]
     [78, 96, 71, 84, 105, 63]
    [79, 83, 104, 110, 69, 88]
    [80, 81, 89, 107, 92, 112]
     [81, 92, 80, 93, 99, 107]
     [82, 95, 73, 86, 111, 70]
    [83, 79, 76, 110, 104, 69]
     [84, 105, 96, 78, 71, 73]
    [85, 74, 77, 72, 108, 118]
      [86, 82, 95, 93, 70, 73]
    [87, 94, 120, 141, 61, 60]
  [88, 101, 106, 104, 79, 110]
   [89, 80, 81, 124, 107, 112]
   [90, 108, 119, 72, 66, 102]
  [91, 75, 100, 130, 145, 135]
    [92, 93, 99, 103, 81, 107]
   [93, 92, 99, 103, 113, 107]
   [94, 87, 120, 97, 141, 127]
    [95, 82, 111, 86, 73, 105]
    [96, 78, 105, 84, 71, 131]
    [97, 68, 94, 172, 87, 141]
     [98, 76, 123, 83, 96, 78]
   [99, 103, 93, 92, 107, 113]
  [100, 91, 75, 115, 145, 158]
 [101, 88, 117, 109, 106, 104]
 [102, 122, 119, 90, 108, 146]
   [103, 99, 93, 92, 113, 107]
  [104, 106, 110, 88, 79, 101]
    [105, 84, 96, 95, 111, 78]
 [106, 104, 88, 101, 110, 117]
  [107, 112, 99, 103, 113, 92]
  [108, 90, 119, 85, 122, 133]
[109, 117, 101, 118, 128, 106]
   [110, 104, 106, 79, 83, 88]
   [111, 95, 129, 82, 86, 105]
 [112, 107, 113, 103, 99, 125]
 [113, 114, 103, 112, 107, 99]
  [114, 113, 103, 99, 93, 125]
[115, 121, 151, 126, 136, 127]
[116, 156, 138, 273, 250, 172]
[117, 109, 101, 128, 106, 140]
  [118, 133, 134, 109, 85, 77]
 [119, 122, 108, 90, 102, 146]
  [120, 141, 87, 127, 126, 94]
[121, 126, 127, 136, 115, 164]
[122, 119, 146, 102, 153, 108]
  [123, 98, 142, 159, 110, 76]
[124, 137, 112, 125, 147, 107]
[125, 113, 112, 114, 132, 107]
[126, 127, 121, 136, 164, 120]
[127, 126, 136, 121, 120, 164]
[128, 140, 139, 117, 149, 150]
[129, 143, 111, 144, 132, 163]
[130, 135, 158, 145, 181, 169]
 [131, 142, 105, 144, 96, 129]
[132, 125, 114, 129, 154, 113]
[133, 118, 134, 155, 161, 165]
[134, 155, 133, 165, 118, 166]
[135, 130, 169, 158, 182, 174]
[136, 126, 127, 121, 164, 171]
[137, 148, 157, 124, 152, 147]
  [138, 156, 172, 116, 97, 68]
[139, 150, 140, 149, 128, 160]
[140, 139, 149, 128, 150, 160]
[141, 120, 183, 170, 171, 127]
[142, 131, 123, 159, 168, 144]
[143, 144, 163, 162, 129, 154]
[144, 143, 163, 129, 162, 131]
[145, 158, 181, 130, 194, 135]
[146, 153, 122, 119, 161, 176]
[147, 124, 137, 125, 157, 188]
[148, 157, 152, 137, 179, 177]
[149, 150, 160, 167, 140, 139]
[150, 160, 149, 139, 167, 140]
[151, 164, 136, 121, 201, 126]
[152, 148, 157, 179, 177, 137]
[153, 146, 173, 122, 180, 176]
[154, 162, 163, 143, 132, 184]
[155, 165, 134, 178, 166, 133]
 [156, 138, 116, 273, 172, 68]
[157, 148, 152, 179, 137, 190]
[158, 181, 145, 186, 130, 135]
[159, 168, 123, 142, 205, 160]
[160, 150, 167, 149, 139, 140]
[161, 176, 133, 155, 165, 146]
[162, 163, 154, 143, 184, 185]
[163, 162, 143, 185, 154, 144]
[164, 151, 136, 171, 126, 127]
[165, 155, 178, 166, 175, 189]
[166, 175, 178, 165, 155, 134]
[167, 160, 149, 150, 139, 175]
[168, 159, 205, 142, 123, 213]
[169, 174, 182, 180, 173, 193]
[170, 171, 141, 164, 183, 136]
[171, 170, 164, 136, 127, 126]
 [172, 97, 138, 183, 228, 141]
[173, 180, 174, 169, 182, 193]
[174, 169, 182, 180, 173, 193]
[175, 166, 178, 197, 165, 167]
[176, 161, 200, 199, 146, 153]
[177, 152, 190, 179, 148, 157]
[178, 165, 166, 175, 189, 155]
[179, 157, 190, 188, 148, 152]
[180, 173, 174, 169, 182, 193]
[181, 158, 186, 207, 187, 145]
[182, 169, 174, 187, 193, 180]
[183, 141, 170, 228, 171, 120]
[184, 195, 185, 162, 163, 154]
[185, 184, 196, 195, 163, 162]
[186, 187, 181, 182, 193, 207]
[187, 193, 182, 186, 174, 169]
[188, 179, 190, 202, 157, 217]
[189, 206, 204, 178, 197, 165]
[190, 179, 209, 188, 177, 157]
[191, 221, 239, 243, 255, 242]
[192, 167, 160, 150, 214, 149]
[193, 187, 182, 174, 203, 169]
[194, 222, 226, 227, 207, 231]
[195, 184, 185, 210, 162, 218]
[196, 185, 210, 195, 184, 218]
[197, 208, 204, 189, 175, 178]
[198, 237, 238, 250, 216, 336]
[199, 206, 189, 200, 176, 225]
[200, 211, 176, 199, 225, 161]
[201, 212, 164, 234, 151, 171]
[202, 215, 188, 224, 195, 235]
[203, 193, 180, 174, 182, 173]
[204, 206, 208, 197, 189, 178]
[205, 213, 214, 168, 159, 232]
[206, 204, 189, 208, 199, 197]
[207, 181, 226, 227, 186, 248]
[208, 197, 204, 223, 206, 189]
[209, 220, 190, 217, 236, 230]
[210, 218, 196, 229, 185, 195]
[211, 200, 233, 225, 203, 257]
[212, 222, 201, 231, 194, 267]
[213, 214, 205, 240, 192, 168]
[214, 213, 240, 205, 192, 168]
[215, 202, 235, 241, 217, 188]
[216, 219, 289, 238, 284, 242]
[217, 220, 209, 215, 236, 241]
[218, 210, 229, 224, 195, 252]
[219, 216, 289, 284, 242, 301]
[220, 209, 236, 217, 230, 190]
[221, 239, 243, 255, 191, 242]
[222, 231, 212, 194, 226, 227]
[223, 208, 204, 197, 206, 189]
[224, 229, 218, 251, 235, 202]
[225, 245, 256, 200, 199, 253]
[226, 227, 248, 207, 231, 222]
[227, 226, 248, 207, 231, 222]
[228, 265, 183, 292, 170, 141]
[229, 218, 224, 210, 251, 252]
[230, 236, 254, 220, 209, 217]
[231, 222, 226, 227, 212, 194]
[232, 246, 252, 274, 210, 266]
[233, 249, 211, 257, 272, 203]
[234, 201, 267, 212, 265, 171]
[235, 241, 215, 258, 262, 224]
[236, 220, 230, 254, 263, 217]
[237, 198, 238, 250, 336, 216]
[238, 237, 198, 216, 219, 289]
[239, 255, 243, 221, 191, 242]
[240, 260, 214, 213, 264, 285]
[241, 235, 262, 215, 258, 217]
[242, 277, 243, 239, 221, 255]
[243, 239, 255, 221, 242, 277]
[244, 247, 269, 249, 278, 280]
[245, 253, 256, 225, 276, 206]
[246, 232, 252, 266, 274, 218]
[247, 244, 248, 278, 269, 283]
[248, 227, 226, 247, 207, 231]
[249, 233, 269, 272, 244, 257]
[250, 237, 198, 329, 336, 238]
[251, 261, 268, 259, 258, 270]
[252, 266, 259, 246, 229, 270]
[253, 245, 256, 276, 225, 223]
[254, 230, 236, 279, 263, 220]
[255, 239, 243, 221, 242, 277]
[256, 245, 253, 225, 257, 281]
[257, 233, 256, 272, 281, 291]
[258, 268, 262, 251, 261, 235]
[259, 261, 270, 251, 252, 266]
[260, 264, 240, 285, 295, 223]
[261, 251, 259, 270, 268, 258]
[262, 258, 275, 271, 241, 268]
[263, 271, 236, 290, 254, 241]
[264, 260, 240, 295, 285, 299]
[265, 292, 228, 300, 234, 319]
[266, 252, 259, 270, 288, 246]
[267, 234, 212, 222, 231, 201]
[268, 258, 261, 251, 270, 259]
[269, 280, 278, 272, 249, 244]
[270, 261, 259, 268, 251, 286]
[271, 275, 263, 262, 287, 290]
[272, 269, 249, 280, 257, 291]
[273, 335, 329, 156, 349, 355]
[274, 282, 246, 232, 308, 288]
[275, 262, 287, 271, 258, 268]
[276, 293, 253, 299, 245, 264]
[277, 242, 284, 243, 255, 301]
[278, 280, 283, 269, 298, 244]
[279, 290, 254, 263, 309, 236]
[280, 278, 269, 298, 272, 283]
[281, 291, 302, 257, 256, 304]
[282, 274, 308, 288, 321, 246]
[283, 278, 298, 280, 294, 269]
[284, 289, 301, 277, 310, 242]
[285, 295, 260, 264, 299, 314]
[286, 297, 296, 270, 303, 306]
[287, 275, 271, 305, 262, 290]
[288, 266, 297, 286, 303, 270]
[289, 301, 284, 310, 277, 219]
[290, 279, 309, 271, 263, 287]
[291, 281, 272, 307, 302, 257]
[292, 265, 326, 319, 300, 228]
[293, 299, 276, 311, 318, 304]
[294, 283, 317, 325, 248, 278]
[295, 285, 299, 264, 260, 311]
[296, 306, 286, 297, 303, 287]
[297, 286, 303, 296, 306, 288]
[298, 280, 312, 278, 315, 283]
[299, 293, 311, 295, 318, 276]
[300, 319, 265, 292, 328, 267]
[301, 289, 310, 284, 277, 242]
[302, 304, 320, 281, 291, 323]
[303, 306, 297, 296, 286, 288]
[304, 302, 320, 318, 281, 293]
[305, 287, 309, 290, 296, 306]
[306, 303, 296, 297, 286, 324]
[307, 312, 298, 323, 315, 291]
[308, 321, 282, 322, 288, 274]
[309, 290, 305, 279, 287, 341]
[310, 301, 289, 284, 277, 346]
[311, 318, 299, 293, 327, 295]
[312, 315, 298, 307, 317, 280]
[313, 316, 330, 340, 352, 255]
[314, 321, 285, 308, 295, 327]
[315, 312, 317, 298, 307, 283]
[316, 313, 330, 340, 352, 255]
[317, 315, 312, 298, 283, 331]
[318, 311, 293, 338, 320, 304]
[319, 300, 326, 292, 265, 328]
[320, 304, 302, 318, 333, 323]
[321, 308, 337, 314, 322, 282]
[322, 332, 308, 337, 321, 303]
[323, 339, 333, 343, 307, 302]
[324, 306, 303, 345, 332, 305]
[325, 331, 344, 317, 294, 315]
[326, 319, 292, 300, 265, 359]
[327, 311, 338, 318, 347, 295]
[328, 334, 342, 348, 354, 300]
[329, 355, 335, 273, 368, 349]
[330, 340, 316, 313, 352, 362]
[331, 325, 344, 317, 294, 315]
[332, 350, 322, 345, 324, 337]
[333, 343, 323, 339, 320, 302]
[334, 342, 328, 348, 354, 325]
[335, 349, 355, 368, 329, 273]
[336, 353, 360, 382, 346, 237]
[337, 321, 322, 350, 332, 308]
[338, 318, 327, 311, 320, 358]
[339, 343, 323, 333, 307, 312]
[340, 330, 352, 316, 313, 362]
[341, 357, 309, 305, 324, 345]
[342, 334, 328, 348, 354, 325]
[343, 339, 333, 323, 320, 307]
[344, 331, 325, 317, 315, 364]
[345, 350, 332, 324, 361, 322]
[346, 360, 310, 301, 353, 289]
[347, 351, 363, 358, 327, 366]
[348, 334, 342, 354, 328, 359]
[349, 335, 355, 368, 376, 388]
[350, 332, 345, 361, 337, 322]
[351, 347, 363, 356, 358, 337]
[352, 340, 330, 362, 316, 313]
[353, 336, 360, 382, 389, 346]
[354, 359, 348, 371, 374, 328]
[355, 368, 335, 349, 376, 329]
[356, 365, 375, 367, 351, 363]
[357, 341, 345, 386, 380, 324]
[358, 366, 363, 347, 378, 351]
[359, 354, 371, 374, 348, 319]
[360, 353, 346, 336, 382, 389]
[361, 367, 350, 372, 365, 345]
[362, 352, 340, 377, 385, 330]
[363, 351, 347, 358, 378, 356]
[364, 369, 383, 344, 370, 331]
[365, 356, 367, 375, 361, 381]
[366, 358, 378, 363, 347, 379]
[367, 361, 372, 365, 356, 380]
[368, 376, 355, 388, 349, 397]
[369, 370, 364, 383, 393, 392]
[370, 369, 392, 393, 383, 364]
[371, 374, 359, 354, 384, 348]
[372, 367, 380, 361, 387, 390]
[373, 379, 399, 394, 343, 339]
[374, 371, 359, 354, 370, 348]
[375, 381, 365, 391, 356, 367]
[376, 368, 388, 355, 397, 349]
[377, 385, 362, 352, 405, 340]
[378, 366, 363, 391, 358, 375]
[379, 373, 399, 366, 378, 358]
[380, 372, 390, 387, 367, 361]
[381, 375, 365, 391, 387, 367]
[382, 389, 353, 360, 336, 400]
[383, 395, 369, 393, 364, 392]
[384, 410, 371, 374, 359, 354]
[385, 377, 362, 405, 352, 420]
[386, 402, 396, 407, 398, 413]
[387, 390, 380, 372, 404, 401]
[388, 397, 376, 368, 355, 349]
[389, 382, 400, 353, 442, 360]
[390, 387, 380, 403, 404, 396]
[391, 375, 381, 378, 409, 401]
[392, 393, 370, 411, 383, 395]
[393, 392, 395, 383, 370, 369]
[394, 395, 373, 427, 383, 399]
[395, 383, 393, 392, 369, 394]
[396, 402, 390, 403, 386, 407]
[397, 388, 376, 368, 431, 355]
[398, 412, 414, 413, 408, 415]
[399, 417, 379, 373, 406, 430]
[400, 431, 389, 376, 368, 388]
[401, 404, 419, 387, 416, 422]
[402, 407, 396, 386, 413, 398]
[403, 404, 390, 425, 396, 387]
[404, 403, 390, 401, 425, 422]
[405, 420, 377, 385, 445, 451]
[406, 432, 417, 409, 399, 418]
[407, 413, 402, 414, 415, 412]
[408, 412, 415, 414, 398, 424]
[409, 418, 416, 434, 429, 436]
[410, 440, 384, 397, 477, 371]
[411, 392, 393, 448, 439, 374]
[412, 414, 415, 413, 424, 408]
[413, 414, 407, 415, 412, 424]
[414, 415, 412, 413, 424, 407]
[415, 414, 412, 424, 413, 408]
[416, 423, 426, 429, 418, 419]
[417, 399, 432, 406, 430, 460]
[418, 409, 434, 436, 429, 416]
[419, 422, 425, 423, 426, 416]
[420, 405, 445, 451, 421, 456]
[421, 420, 445, 456, 465, 405]
[422, 419, 425, 423, 426, 404]
[423, 426, 416, 429, 419, 422]
[424, 415, 428, 414, 412, 435]
[425, 422, 419, 404, 403, 423]
[426, 423, 416, 429, 419, 436]
[427, 441, 449, 430, 395, 394]
[428, 424, 415, 435, 412, 443]
[429, 436, 426, 423, 418, 416]
[430, 455, 441, 417, 466, 427]
[431, 400, 470, 397, 388, 376]
[432, 446, 444, 406, 434, 417]
[433, 447, 450, 428, 452, 459]
[434, 436, 418, 429, 444, 446]
[435, 438, 437, 443, 424, 428]
[436, 429, 434, 418, 426, 416]
[437, 438, 435, 443, 424, 413]
[438, 437, 435, 443, 424, 428]
[439, 453, 454, 457, 458, 461]
[440, 410, 477, 482, 490, 384]
[441, 449, 427, 430, 466, 473]
[442, 478, 486, 389, 498, 382]
[443, 438, 435, 437, 452, 428]
[444, 446, 434, 432, 436, 462]
[445, 456, 451, 463, 465, 464]
[446, 444, 432, 434, 462, 436]
[447, 450, 433, 459, 452, 428]
[448, 453, 461, 439, 458, 411]
[449, 441, 427, 473, 454, 457]
[450, 447, 433, 459, 452, 428]
[451, 464, 463, 445, 471, 472]
[452, 459, 443, 428, 438, 424]
[453, 458, 461, 454, 457, 439]
[454, 457, 458, 453, 461, 439]
[455, 466, 476, 430, 480, 460]
[456, 465, 445, 475, 463, 474]
[457, 458, 454, 461, 453, 439]
[458, 457, 454, 461, 453, 439]
[459, 452, 443, 428, 450, 447]
[460, 469, 467, 468, 476, 462]
[461, 458, 457, 453, 454, 439]
[462, 467, 468, 469, 446, 460]
[463, 464, 471, 472, 474, 475]
[464, 463, 471, 472, 474, 475]
[465, 456, 475, 474, 472, 471]
[466, 455, 480, 489, 473, 476]
[467, 468, 469, 462, 460, 476]
[468, 467, 469, 462, 460, 476]
[469, 468, 467, 460, 462, 476]
[470, 503, 431, 490, 508, 521]
[471, 472, 474, 475, 463, 464]
[472, 474, 471, 475, 463, 464]
[473, 449, 494, 466, 489, 441]
[474, 472, 475, 471, 463, 464]
[475, 474, 472, 471, 463, 464]
[476, 460, 480, 469, 455, 468]
[477, 482, 499, 440, 485, 481]
[478, 496, 442, 507, 513, 511]
[479, 487, 465, 484, 502, 505]
[480, 489, 466, 476, 455, 497]
[481, 485, 491, 501, 448, 499]
[482, 477, 499, 485, 490, 440]
[483, 492, 495, 493, 461, 457]
[484, 488, 475, 474, 472, 471]
[485, 481, 501, 491, 499, 477]
[486, 498, 509, 442, 513, 478]
[487, 479, 502, 505, 506, 465]
[488, 484, 475, 474, 472, 471]
[489, 480, 497, 500, 494, 466]
[490, 503, 482, 508, 477, 521]
[491, 481, 495, 501, 485, 492]
[492, 495, 483, 504, 493, 491]
[493, 494, 492, 483, 504, 495]
[494, 500, 497, 493, 473, 489]
[495, 492, 483, 504, 491, 493]
[496, 478, 507, 511, 515, 512]
[497, 500, 494, 489, 493, 473]
[498, 486, 509, 513, 527, 525]
[499, 482, 485, 501, 477, 481]
[500, 497, 494, 489, 493, 473]
[501, 485, 481, 491, 499, 482]
[502, 487, 510, 516, 506, 514]
[503, 508, 521, 490, 470, 482]
[504, 495, 492, 518, 493, 483]
[505, 506, 510, 502, 487, 484]
[506, 505, 510, 502, 516, 487]
[507, 511, 512, 515, 522, 517]
[508, 521, 503, 490, 470, 525]
[509, 498, 525, 486, 513, 527]
[510, 516, 506, 514, 519, 502]
[511, 515, 512, 507, 522, 517]
[512, 515, 511, 522, 517, 524]
[513, 527, 528, 498, 496, 509]
[514, 519, 517, 520, 523, 524]
[515, 511, 512, 522, 507, 524]
[516, 510, 514, 519, 520, 517]
[517, 520, 523, 514, 519, 524]
[518, 504, 495, 530, 492, 493]
[519, 514, 520, 517, 523, 524]
[520, 517, 523, 519, 514, 524]
[521, 508, 503, 490, 470, 499]
[522, 524, 523, 512, 520, 517]
[523, 520, 524, 517, 519, 514]
[524, 523, 520, 522, 517, 519]
[525, 509, 498, 486, 527, 513]
[526, 529, 522, 515, 524, 512]
[527, 528, 513, 529, 509, 526]
[528, 527, 513, 529, 526, 515]
[529, 526, 515, 522, 528, 524]
[530, 531, 518, 504, 500, 497]