                      COVERAGE
      [0, 723, 11, 12, 714, 1]
     [1, 714, 723, 10, 721, 2]
       [2, 3, 712, 1, 703, 10]
    [3, 712, 2, 711, 702, 703]
    [4, 704, 713, 705, 715, 6]
   [5, 719, 14, 699, 718, 707]
    [6, 716, 715, 705, 709, 7]
    [7, 708, 716, 6, 700, 715]
       [8, 9, 709, 701, 15, 6]
       [9, 8, 709, 15, 701, 6]
   [10, 720, 703, 1, 696, 721]
     [11, 12, 13, 723, 0, 722]
     [12, 11, 723, 722, 13, 0]
      [13, 17, 98, 11, 12, 25]
     [14, 5, 16, 719, 699, 85]
       [15, 18, 19, 9, 700, 8]
   [16, 99, 699, 100, 14, 719]
      [17, 13, 98, 26, 25, 90]
      [18, 19, 15, 97, 86, 99]
       [19, 18, 97, 15, 86, 9]
   [20, 24, 23, 696, 692, 720]
   [21, 691, 690, 695, 92, 95]
     [22, 27, 94, 689, 25, 91]
     [23, 24, 20, 92, 687, 28]
     [24, 23, 20, 28, 696, 38]
      [25, 26, 94, 91, 22, 98]
      [26, 25, 91, 90, 98, 94]
     [27, 22, 94, 689, 25, 42]
      [28, 43, 38, 24, 23, 44]
     [29, 46, 30, 95, 686, 37]
     [30, 81, 29, 686, 46, 95]
     [31, 683, 45, 42, 80, 47]
    [32, 685, 35, 44, 688, 37]
     [33, 64, 30, 81, 106, 77]
   [34, 678, 665, 35, 37, 666]
   [35, 32, 34, 665, 676, 685]
     [36, 43, 38, 671, 78, 28]
     [37, 46, 29, 34, 685, 30]
      [38, 43, 28, 44, 36, 24]
     [39, 47, 91, 90, 684, 80]
    [40, 48, 41, 79, 684, 670]
     [41, 48, 40, 684, 39, 90]
     [42, 45, 689, 47, 31, 94]
      [43, 38, 28, 36, 44, 24]
   [44, 685, 687, 38, 32, 688]
     [45, 42, 689, 31, 47, 94]
     [46, 29, 37, 30, 688, 95]
     [47, 39, 80, 684, 42, 91]
     [48, 40, 41, 79, 684, 80]
    [49, 65, 107, 50, 108, 58]
    [50, 49, 107, 65, 108, 58]
    [51, 59, 111, 58, 60, 104]
      [52, 72, 53, 71, 54, 73]
      [53, 71, 52, 72, 54, 73]
      [54, 53, 52, 71, 72, 73]
     [55, 57, 61, 60, 104, 56]
      [56, 57, 55, 60, 61, 76]
     [57, 60, 55, 61, 104, 56]
    [58, 50, 51, 59, 108, 111]
     [59, 51, 104, 58, 60, 61]
     [60, 57, 61, 55, 104, 56]
     [61, 60, 55, 57, 104, 56]
    [62, 69, 83, 103, 115, 70]
   [63, 114, 110, 84, 82, 115]
      [64, 66, 81, 33, 77, 30]
    [65, 49, 107, 50, 108, 66]
     [66, 64, 65, 81, 102, 49]
    [67, 108, 68, 89, 65, 111]
   [68, 111, 89, 108, 67, 112]
    [69, 62, 103, 115, 83, 70]
  [70, 105, 115, 103, 69, 114]
      [71, 72, 53, 52, 54, 73]
      [72, 71, 52, 53, 54, 73]
     [73, 110, 72, 52, 71, 53]
   [74, 113, 75, 112, 76, 109]
   [75, 112, 74, 113, 76, 109]
    [76, 75, 74, 112, 113, 56]
   [77, 106, 116, 107, 64, 33]
  [78, 671, 680, 669, 36, 668]
    [79, 670, 40, 48, 41, 684]
     [80, 684, 47, 39, 31, 42]
     [81, 30, 64, 686, 66, 29]
   [82, 84, 63, 114, 109, 110]
    [83, 62, 69, 85, 115, 103]
    [84, 82, 63, 114, 110, 85]
      [85, 83, 84, 14, 62, 63]
     [86, 101, 97, 87, 19, 88]
    [87, 101, 88, 86, 102, 96]
    [88, 102, 96, 87, 101, 86]
    [89, 68, 100, 67, 99, 108]
      [90, 91, 26, 39, 98, 25]
      [91, 39, 90, 94, 26, 25]
    [92, 687, 688, 23, 44, 21]
   [93, 690, 95, 686, 694, 96]
     [94, 22, 91, 689, 25, 27]
    [95, 686, 93, 690, 29, 30]
    [96, 88, 102, 694, 87, 93]
     [97, 19, 86, 18, 87, 101]
      [98, 26, 90, 25, 17, 91]
     [99, 100, 16, 89, 18, 19]
     [100, 99, 89, 16, 82, 18]
     [101, 87, 86, 97, 88, 67]
    [102, 88, 96, 87, 686, 66]
   [103, 69, 62, 70, 115, 105]
     [104, 61, 60, 55, 57, 56]
   [105, 70, 115, 103, 71, 53]
  [106, 77, 116, 33, 675, 107]
    [107, 49, 50, 65, 77, 108]
    [108, 67, 50, 65, 68, 111]
   [109, 113, 74, 112, 75, 76]
    [110, 73, 114, 72, 52, 71]
   [111, 51, 68, 108, 112, 75]
   [112, 113, 75, 74, 76, 109]
   [113, 112, 74, 75, 76, 109]
   [114, 63, 110, 73, 115, 72]
  [115, 70, 105, 69, 103, 114]
 [116, 106, 77, 651, 644, 107]
[117, 649, 121, 648, 170, 105]
[118, 648, 650, 652, 122, 168]
[119, 120, 640, 638, 639, 647]
[120, 119, 640, 638, 150, 639]
[121, 649, 170, 117, 648, 118]
[122, 167, 123, 168, 166, 124]
[123, 124, 168, 169, 166, 125]
[124, 169, 123, 168, 166, 125]
[125, 124, 166, 169, 123, 168]
[126, 131, 132, 129, 127, 128]
[127, 132, 130, 126, 131, 278]
[128, 283, 129, 282, 280, 279]
[129, 128, 283, 602, 126, 282]
[130, 278, 281, 127, 276, 280]
[131, 126, 132, 127, 129, 125]
[132, 127, 131, 126, 130, 129]
[133, 147, 134, 588, 136, 135]
[134, 135, 146, 149, 147, 601]
[135, 149, 134, 150, 146, 147]
[136, 137, 140, 606, 151, 133]
[137, 136, 140, 606, 151, 582]
[138, 139, 600, 161, 605, 607]
[139, 138, 161, 156, 635, 600]
[140, 151, 137, 136, 152, 606]
[141, 165, 143, 172, 164, 144]
[142, 163, 154, 162, 630, 173]
[143, 172, 144, 141, 174, 183]
[144, 143, 172, 183, 176, 178]
[145, 171, 148, 166, 167, 125]
[146, 135, 134, 601, 148, 150]
[147, 133, 134, 135, 136, 149]
[148, 145, 167, 171, 146, 122]
[149, 150, 135, 120, 134, 146]
[150, 149, 135, 120, 146, 119]
[151, 140, 152, 637, 137, 620]
[152, 151, 607, 158, 637, 140]
[153, 164, 159, 157, 608, 165]
[154, 163, 630, 610, 142, 155]
[155, 631, 619, 609, 154, 160]
[156, 608, 161, 635, 159, 139]
[157, 159, 608, 153, 156, 614]
[158, 618, 637, 152, 623, 659]
[159, 608, 157, 153, 156, 164]
[160, 609, 619, 155, 153, 631]
[161, 139, 635, 156, 138, 608]
[162, 163, 142, 155, 154, 160]
[163, 154, 142, 630, 162, 155]
[164, 165, 153, 141, 604, 159]
[165, 164, 141, 604, 153, 143]
[166, 123, 124, 169, 168, 125]
[167, 122, 166, 123, 168, 124]
[168, 169, 123, 124, 166, 125]
[169, 124, 168, 123, 166, 125]
[170, 121, 649, 117, 648, 131]
[171, 145, 166, 125, 124, 123]
[172, 143, 144, 141, 174, 183]
[173, 175, 177, 176, 178, 182]
[174, 183, 172, 597, 599, 592]
[175, 177, 173, 182, 176, 178]
[176, 178, 144, 173, 175, 179]
[177, 175, 182, 173, 180, 178]
[178, 176, 179, 183, 177, 144]
[179, 178, 180, 181, 183, 182]
[180, 182, 179, 181, 177, 178]
[181, 180, 179, 559, 182, 178]
[182, 177, 180, 175, 179, 178]
[183, 174, 144, 178, 179, 172]
[184, 185, 552, 553, 186, 550]
[185, 552, 186, 553, 184, 550]
[186, 553, 185, 552, 184, 550]
[187, 544, 549, 555, 547, 189]
[188, 257, 543, 264, 547, 542]
[189, 544, 542, 541, 547, 256]
[190, 269, 534, 532, 538, 531]
[191, 255, 246, 207, 541, 220]
[192, 266, 193, 259, 197, 263]
[193, 194, 196, 197, 192, 266]
[194, 196, 193, 197, 265, 268]
[195, 198, 200, 256, 235, 206]
[196, 194, 197, 526, 193, 525]
[197, 526, 196, 194, 525, 193]
[198, 200, 235, 195, 540, 206]
[199, 236, 205, 202, 241, 238]
[200, 235, 198, 204, 206, 195]
[201, 203, 202, 269, 537, 242]
[202, 533, 199, 236, 201, 203]
[203, 201, 242, 202, 240, 237]
[204, 200, 235, 206, 245, 198]
[205, 241, 238, 236, 237, 199]
[206, 200, 204, 198, 235, 253]
[207, 220, 246, 191, 255, 518]
[208, 221, 520, 514, 525, 516]
[209, 521, 251, 248, 510, 261]
[210, 250, 521, 249, 247, 526]
[211, 510, 251, 508, 248, 505]
[212, 508, 213, 507, 252, 509]
[213, 212, 509, 511, 252, 508]
[214, 217, 228, 216, 218, 243]
[215, 222, 223, 345, 349, 225]
[216, 217, 226, 214, 243, 218]
[217, 243, 214, 218, 216, 226]
[218, 217, 243, 214, 245, 244]
[219, 512, 227, 206, 253, 330]
[220, 207, 513, 246, 253, 255]
[221, 208, 514, 520, 516, 525]
[222, 224, 223, 225, 215, 515]
[223, 225, 224, 222, 515, 215]
[224, 515, 225, 222, 223, 516]
[225, 223, 224, 515, 222, 517]
[226, 242, 240, 216, 217, 243]
[227, 330, 219, 324, 323, 321]
[228, 229, 230, 214, 321, 326]
[229, 228, 230, 321, 214, 325]
[230, 325, 229, 228, 326, 321]
[231, 320, 232, 329, 319, 233]
[232, 329, 231, 233, 320, 319]
[233, 232, 329, 231, 239, 319]
[234, 239, 241, 238, 205, 237]
[235, 200, 198, 204, 540, 527]
[236, 237, 199, 205, 238, 241]
[237, 236, 238, 205, 241, 239]
[238, 241, 205, 239, 234, 237]
[239, 234, 238, 241, 237, 205]
[240, 242, 226, 237, 203, 239]
[241, 238, 205, 234, 239, 236]
[242, 226, 240, 243, 203, 216]
[243, 217, 218, 254, 216, 214]
[244, 245, 254, 218, 204, 243]
[245, 244, 204, 218, 254, 243]
[246, 255, 191, 207, 220, 253]
[247, 250, 249, 511, 514, 210]
[248, 251, 510, 252, 209, 211]
[249, 250, 247, 511, 252, 210]
[250, 249, 247, 210, 511, 252]
[251, 248, 510, 209, 211, 252]
[252, 249, 248, 212, 511, 250]
[253, 206, 220, 512, 195, 246]
[254, 244, 243, 245, 242, 218]
[255, 246, 191, 207, 256, 220]
[256, 195, 189, 255, 198, 246]
[257, 188, 264, 543, 523, 522]
[258, 271, 273, 270, 267, 266]
[259, 260, 263, 524, 262, 261]
[260, 263, 524, 262, 259, 261]
[261, 524, 262, 263, 260, 259]
[262, 263, 524, 260, 261, 259]
[263, 262, 260, 524, 259, 261]
[264, 257, 522, 523, 188, 517]
[265, 522, 268, 523, 194, 196]
[266, 267, 192, 270, 193, 258]
[267, 270, 266, 258, 274, 271]
[268, 523, 265, 522, 194, 196]
[269, 190, 534, 532, 537, 538]
[270, 267, 266, 271, 274, 258]
[271, 273, 258, 270, 277, 275]
[272, 276, 274, 281, 278, 275]
[273, 271, 277, 258, 279, 275]
[274, 272, 270, 276, 267, 275]
[275, 279, 280, 277, 281, 276]
[276, 281, 278, 272, 275, 130]
[277, 279, 273, 275, 282, 271]
[278, 281, 276, 130, 280, 272]
[279, 280, 275, 277, 282, 283]
[280, 279, 275, 282, 281, 283]
[281, 278, 276, 130, 280, 272]
[282, 283, 128, 279, 277, 280]
[283, 282, 128, 129, 279, 280]
[284, 286, 287, 289, 285, 290]
[285, 290, 284, 288, 483, 286]
[286, 289, 284, 285, 290, 287]
[287, 284, 288, 504, 501, 285]
[288, 301, 287, 285, 483, 300]
[289, 286, 284, 290, 285, 287]
[290, 285, 291, 284, 289, 483]
[291, 290, 293, 285, 403, 294]
[292, 408, 407, 294, 293, 297]
[293, 407, 291, 294, 403, 292]
[294, 298, 297, 484, 483, 293]
[295, 416, 486, 415, 485, 477]
[296, 476, 487, 479, 489, 485]
[297, 294, 298, 484, 299, 483]
[298, 484, 294, 483, 297, 300]
[299, 300, 484, 297, 298, 492]
[300, 484, 301, 483, 298, 299]
[301, 288, 300, 500, 503, 483]
[302, 316, 304, 307, 305, 318]
[303, 356, 355, 354, 310, 316]
[304, 307, 302, 306, 305, 318]
[305, 307, 316, 304, 302, 356]
[306, 308, 318, 304, 317, 307]
[307, 304, 305, 302, 314, 316]
[308, 306, 401, 314, 304, 307]
[309, 314, 311, 397, 307, 305]
[310, 312, 311, 313, 356, 303]
[311, 397, 312, 310, 309, 405]
[312, 310, 311, 313, 397, 356]
[313, 360, 362, 310, 312, 355]
[314, 309, 308, 307, 401, 304]
[315, 357, 361, 363, 488, 359]
[316, 302, 305, 307, 304, 303]
[317, 318, 306, 302, 304, 307]
[318, 317, 306, 304, 302, 307]
[319, 231, 320, 327, 232, 233]
[320, 231, 329, 319, 232, 233]
[321, 229, 330, 328, 331, 228]
[322, 324, 336, 331, 323, 335]
[323, 347, 324, 337, 322, 336]
[324, 322, 323, 330, 331, 336]
[325, 230, 326, 333, 354, 229]
[326, 333, 325, 327, 230, 228]
[327, 333, 326, 319, 325, 316]
[328, 331, 332, 321, 322, 336]
[329, 232, 231, 320, 233, 234]
[330, 324, 227, 321, 331, 322]
[331, 328, 322, 324, 336, 321]
[332, 328, 331, 482, 335, 358]
[333, 326, 327, 325, 303, 316]
[334, 335, 338, 336, 337, 491]
[335, 336, 322, 334, 331, 324]
[336, 335, 322, 324, 331, 334]
[337, 347, 338, 323, 496, 346]
[338, 337, 496, 491, 347, 334]
[339, 350, 498, 495, 349, 341]
[340, 348, 341, 351, 494, 349]
[341, 494, 340, 339, 350, 498]
[342, 343, 344, 345, 497, 509]
[343, 342, 344, 497, 499, 493]
[344, 497, 509, 506, 343, 342]
[345, 349, 215, 350, 498, 342]
[346, 351, 496, 347, 348, 337]
[347, 337, 323, 338, 346, 496]
[348, 340, 351, 346, 496, 341]
[349, 350, 345, 339, 498, 215]
[350, 339, 498, 349, 495, 341]
[351, 348, 346, 340, 513, 496]
[352, 353, 506, 502, 507, 501]
[353, 502, 501, 352, 507, 503]
[354, 355, 325, 303, 356, 358]
[355, 354, 303, 356, 313, 358]
[356, 303, 310, 355, 312, 305]
[357, 315, 482, 488, 359, 363]
[358, 482, 332, 357, 355, 354]
[359, 488, 363, 357, 482, 315]
[360, 313, 362, 361, 474, 355]
[361, 474, 402, 315, 362, 360]
[362, 360, 313, 474, 361, 473]
[363, 488, 359, 315, 475, 357]
[364, 403, 409, 420, 423, 421]
[365, 373, 372, 366, 374, 375]
[366, 372, 373, 365, 367, 371]
[367, 371, 372, 366, 370, 373]
[368, 369, 370, 371, 367, 372]
[369, 370, 368, 371, 367, 372]
[370, 369, 371, 367, 368, 372]
[371, 367, 370, 372, 366, 373]
[372, 366, 373, 365, 367, 371]
[373, 365, 372, 366, 374, 367]
[374, 375, 376, 365, 377, 373]
[375, 374, 376, 377, 365, 373]
[376, 377, 375, 378, 374, 379]
[377, 376, 378, 375, 374, 379]
[378, 379, 377, 376, 380, 381]
[379, 380, 381, 378, 382, 377]
[380, 379, 381, 378, 382, 377]
[381, 380, 379, 382, 383, 378]
[382, 381, 383, 380, 379, 378]
[383, 382, 381, 380, 379, 387]
[384, 382, 383, 380, 381, 387]
[385, 388, 390, 386, 389, 391]
[386, 388, 387, 385, 389, 390]
[387, 386, 388, 385, 389, 390]
[388, 386, 385, 387, 389, 390]
[389, 390, 391, 385, 388, 386]
[390, 389, 391, 385, 388, 392]
[391, 390, 389, 392, 385, 388]
[392, 391, 390, 393, 389, 385]
[393, 392, 385, 390, 391, 389]
[394, 395, 400, 396, 399, 393]
[395, 394, 400, 396, 401, 399]
[396, 400, 406, 401, 394, 399]
[397, 311, 405, 312, 309, 398]
[398, 406, 405, 399, 397, 384]
[399, 406, 393, 400, 398, 396]
[400, 396, 406, 399, 394, 401]
[401, 308, 314, 396, 400, 306]
[402, 474, 361, 473, 362, 315]
[403, 364, 291, 293, 407, 290]
[404, 472, 405, 470, 397, 362]
[405, 397, 398, 404, 311, 406]
[406, 398, 400, 399, 396, 405]
[407, 408, 293, 409, 413, 292]
[408, 407, 413, 412, 409, 292]
[409, 414, 413, 407, 408, 461]
[410, 411, 452, 450, 456, 457]
[411, 410, 456, 457, 415, 452]
[412, 457, 460, 413, 408, 461]
[413, 461, 408, 409, 412, 460]
[414, 409, 413, 431, 432, 461]
[415, 456, 416, 411, 457, 295]
[416, 415, 295, 456, 457, 486]
[417, 466, 418, 465, 454, 455]
[418, 465, 466, 417, 454, 458]
[419, 458, 418, 465, 476, 415]
[420, 421, 422, 423, 424, 425]
[421, 420, 422, 423, 424, 425]
[422, 423, 421, 420, 424, 425]
[423, 422, 421, 420, 364, 424]
[424, 425, 426, 427, 428, 429]
[425, 426, 424, 427, 428, 429]
[426, 425, 427, 424, 428, 429]
[427, 426, 425, 428, 424, 429]
[428, 427, 429, 426, 425, 430]
[429, 430, 428, 427, 431, 432]
[430, 429, 431, 432, 434, 428]
[431, 432, 434, 433, 430, 435]
[432, 431, 434, 433, 430, 435]
[433, 434, 435, 432, 431, 436]
[434, 433, 432, 431, 435, 436]
[435, 433, 436, 434, 437, 432]
[436, 437, 435, 438, 439, 433]
[437, 436, 438, 435, 439, 440]
[438, 439, 440, 441, 437, 436]
[439, 438, 440, 441, 437, 436]
[440, 439, 441, 438, 442, 437]
[441, 440, 439, 438, 442, 443]
[442, 443, 444, 445, 440, 441]
[443, 442, 444, 445, 441, 440]
[444, 445, 443, 446, 442, 447]
[445, 444, 446, 443, 442, 447]
[446, 447, 445, 444, 448, 449]
[447, 448, 449, 446, 450, 445]
[448, 447, 449, 446, 450, 445]
[449, 448, 447, 450, 451, 446]
[450, 449, 451, 448, 447, 452]
[451, 450, 449, 448, 447, 446]
[452, 410, 450, 448, 447, 445]
[453, 469, 455, 468, 454, 466]
[454, 466, 455, 465, 463, 418]
[455, 454, 453, 466, 469, 468]
[456, 411, 415, 459, 410, 416]
[457, 412, 411, 460, 410, 456]
[458, 459, 419, 465, 418, 462]
[459, 462, 458, 456, 411, 464]
[460, 412, 461, 452, 413, 442]
[461, 413, 460, 440, 436, 438]
[462, 459, 458, 464, 456, 411]
[463, 464, 454, 465, 418, 458]
[464, 463, 465, 462, 454, 458]
[465, 418, 466, 454, 417, 458]
[466, 417, 418, 454, 465, 455]
[467, 468, 469, 363, 475, 402]
[468, 469, 467, 453, 455, 417]
[469, 453, 468, 455, 467, 466]
[470, 472, 471, 404, 473, 365]
[471, 470, 473, 472, 469, 368]
[472, 473, 404, 470, 362, 471]
[473, 472, 402, 474, 362, 361]
[474, 361, 402, 362, 473, 315]
[475, 363, 476, 487, 467, 488]
[476, 475, 296, 417, 487, 419]
[477, 478, 480, 486, 481, 485]
[478, 477, 480, 481, 489, 486]
[479, 490, 487, 489, 296, 491]
[480, 478, 481, 477, 492, 495]
[481, 480, 478, 495, 494, 339]
[482, 357, 358, 359, 332, 315]
[483, 484, 298, 300, 288, 285]
[484, 298, 483, 300, 297, 294]
[485, 486, 296, 477, 489, 478]
[486, 295, 485, 477, 478, 416]
[487, 479, 296, 475, 490, 476]
[488, 359, 363, 357, 315, 482]
[489, 479, 296, 478, 490, 485]
[490, 479, 491, 487, 489, 496]
[491, 496, 338, 490, 334, 337]
[492, 493, 495, 481, 498, 480]
[493, 492, 499, 495, 299, 343]
[494, 341, 481, 339, 495, 350]
[495, 498, 339, 350, 481, 492]
[496, 491, 338, 346, 337, 347]
[497, 344, 506, 509, 343, 499]
[498, 495, 339, 350, 349, 341]
[499, 500, 497, 493, 503, 299]
[500, 503, 301, 499, 300, 288]
[501, 353, 502, 352, 503, 287]
[502, 353, 501, 352, 504, 507]
[503, 500, 352, 501, 301, 506]
[504, 502, 287, 501, 353, 505]
[505, 502, 211, 504, 507, 508]
[506, 509, 497, 352, 344, 503]
[507, 352, 508, 353, 212, 509]
[508, 212, 507, 211, 213, 252]
[509, 506, 344, 213, 497, 507]
[510, 251, 248, 211, 209, 252]
[511, 249, 247, 250, 252, 213]
[512, 219, 253, 206, 227, 323]
[513, 220, 351, 207, 346, 348]
[514, 525, 247, 208, 520, 221]
[515, 224, 516, 517, 225, 519]
[516, 519, 515, 224, 517, 225]
[517, 519, 515, 516, 224, 225]
[518, 225, 207, 517, 223, 191]
[519, 516, 517, 515, 224, 520]
[520, 525, 208, 514, 519, 221]
[521, 209, 261, 262, 263, 524]
[522, 265, 523, 268, 264, 520]
[523, 268, 522, 265, 264, 257]
[524, 262, 260, 263, 261, 259]
[525, 514, 526, 197, 520, 196]
[526, 197, 525, 196, 210, 514]
[527, 539, 540, 530, 235, 536]
[528, 539, 540, 546, 527, 530]
[529, 533, 564, 559, 202, 201]
[530, 536, 539, 527, 546, 538]
[531, 532, 535, 534, 538, 190]
[532, 534, 531, 535, 538, 190]
[533, 529, 202, 564, 201, 559]
[534, 532, 535, 531, 538, 190]
[535, 534, 531, 532, 538, 190]
[536, 530, 531, 538, 545, 535]
[537, 269, 190, 534, 535, 532]
[538, 531, 532, 535, 534, 190]
[539, 540, 527, 530, 528, 536]
[540, 539, 527, 528, 235, 198]
[541, 542, 547, 189, 191, 544]
[542, 547, 541, 189, 544, 187]
[543, 188, 257, 554, 567, 555]
[544, 189, 187, 547, 542, 541]
[545, 563, 548, 546, 536, 553]
[546, 563, 545, 530, 553, 536]
[547, 542, 541, 544, 189, 187]
[548, 560, 545, 562, 551, 563]
[549, 573, 568, 187, 565, 570]
[550, 186, 185, 553, 552, 184]
[551, 560, 562, 548, 184, 552]
[552, 553, 185, 186, 184, 563]
[553, 552, 186, 185, 184, 563]
[554, 555, 571, 567, 556, 543]
[555, 554, 556, 187, 571, 547]
[556, 555, 571, 554, 568, 580]
[557, 596, 594, 551, 558, 590]
[558, 591, 574, 593, 594, 596]
[559, 564, 181, 529, 595, 533]
[560, 562, 548, 551, 545, 563]
[561, 562, 595, 560, 537, 551]
[562, 560, 548, 551, 561, 545]
[563, 553, 545, 552, 186, 546]
[564, 529, 559, 533, 561, 595]
[565, 572, 573, 550, 549, 570]
[566, 576, 577, 567, 578, 575]
[567, 575, 571, 566, 554, 578]
[568, 586, 570, 549, 585, 573]
[569, 581, 587, 570, 591, 558]
[570, 581, 568, 573, 586, 569]
[571, 580, 575, 554, 567, 556]
[572, 565, 573, 550, 570, 574]
[573, 549, 565, 572, 570, 568]
[574, 558, 184, 550, 591, 185]
[575, 571, 567, 580, 578, 566]
[576, 577, 566, 578, 579, 583]
[577, 576, 579, 578, 583, 566]
[578, 579, 577, 583, 576, 575]
[579, 583, 578, 577, 576, 601]
[580, 571, 575, 588, 578, 567]
[581, 570, 586, 569, 582, 585]
[582, 606, 581, 587, 605, 569]
[583, 579, 578, 577, 601, 576]
[584, 576, 577, 566, 282, 283]
[585, 586, 568, 588, 581, 570]
[586, 585, 568, 581, 570, 588]
[587, 593, 589, 605, 569, 591]
[588, 585, 580, 133, 586, 571]
[589, 593, 587, 605, 600, 591]
[590, 597, 599, 592, 596, 595]
[591, 558, 593, 594, 574, 587]
[592, 597, 599, 590, 595, 174]
[593, 591, 589, 587, 558, 594]
[594, 596, 557, 591, 558, 593]
[595, 592, 561, 597, 590, 599]
[596, 594, 557, 558, 590, 591]
[597, 599, 592, 590, 174, 595]
[598, 600, 594, 604, 589, 593]
[599, 597, 592, 590, 174, 172]
[600, 598, 138, 589, 604, 139]
[601, 146, 583, 603, 579, 134]
[602, 129, 128, 283, 171, 145]
[603, 601, 583, 145, 148, 171]
[604, 164, 165, 598, 600, 159]
[605, 607, 589, 587, 138, 606]
[606, 582, 137, 607, 605, 140]
[607, 605, 152, 606, 138, 151]
[608, 159, 156, 157, 161, 153]
[609, 619, 631, 155, 160, 613]
[610, 630, 612, 154, 654, 611]
[611, 613, 627, 612, 654, 658]
[612, 654, 610, 611, 673, 630]
[613, 627, 629, 611, 658, 616]
[614, 615, 617, 632, 157, 656]
[615, 632, 614, 623, 635, 624]
[616, 629, 622, 613, 621, 658]
[617, 614, 660, 621, 656, 157]
[618, 636, 637, 659, 158, 620]
[619, 609, 631, 155, 613, 160]
[620, 636, 637, 634, 633, 618]
[621, 622, 617, 616, 661, 629]
[622, 616, 629, 621, 658, 661]
[623, 624, 632, 659, 615, 158]
[624, 626, 632, 623, 657, 659]
[625, 666, 628, 675, 645, 641]
[626, 657, 624, 632, 656, 623]
[627, 658, 655, 613, 611, 629]
[628, 633, 625, 636, 634, 620]
[629, 616, 622, 613, 658, 627]
[630, 610, 154, 163, 612, 631]
[631, 155, 619, 609, 613, 610]
[632, 615, 624, 623, 626, 657]
[633, 634, 620, 628, 643, 636]
[634, 633, 620, 636, 643, 628]
[635, 161, 156, 615, 139, 632]
[636, 620, 618, 637, 634, 628]
[637, 620, 636, 618, 158, 151]
[638, 640, 639, 119, 647, 120]
[639, 638, 647, 640, 119, 646]
[640, 638, 119, 647, 120, 639]
[641, 645, 643, 644, 633, 625]
[642, 639, 644, 651, 638, 646]
[643, 641, 645, 633, 634, 644]
[644, 651, 645, 641, 642, 116]
[645, 641, 643, 644, 625, 675]
[646, 647, 639, 651, 638, 640]
[647, 640, 638, 639, 646, 119]
[648, 649, 117, 121, 118, 170]
[649, 121, 117, 170, 648, 118]
[650, 652, 647, 640, 119, 638]
[651, 644, 646, 116, 642, 639]
  [652, 650, 647, 59, 104, 61]
[653, 661, 664, 621, 660, 667]
[654, 673, 612, 611, 682, 610]
[655, 658, 627, 674, 672, 677]
[656, 657, 660, 626, 664, 617]
[657, 626, 656, 624, 632, 615]
[658, 627, 655, 613, 629, 616]
[659, 662, 623, 618, 624, 158]
[660, 656, 664, 617, 657, 653]
[661, 653, 658, 621, 622, 655]
[662, 659, 663, 624, 623, 626]
[663, 662, 678, 665, 659, 666]
[664, 660, 653, 656, 680, 669]
  [665, 678, 663, 34, 676, 35]
[666, 625, 675, 678, 663, 628]
[667, 679, 677, 674, 681, 653]
 [668, 680, 676, 671, 78, 664]
 [669, 679, 78, 683, 680, 667]
   [670, 79, 681, 48, 40, 672]
  [671, 78, 680, 668, 36, 676]
[672, 674, 677, 655, 681, 673]
[673, 654, 682, 612, 672, 611]
[674, 677, 655, 672, 667, 681]
 [675, 666, 625, 106, 645, 33]
 [676, 668, 680, 665, 671, 35]
[677, 674, 667, 681, 672, 655]
 [678, 665, 663, 34, 666, 676]
[679, 667, 669, 677, 681, 674]
 [680, 668, 671, 78, 664, 676]
[681, 677, 672, 667, 674, 679]
[682, 673, 654, 672, 612, 611]
   [683, 31, 669, 78, 45, 679]
     [684, 80, 47, 39, 48, 41]
   [685, 32, 44, 688, 687, 37]
     [686, 95, 93, 30, 81, 29]
   [687, 92, 688, 44, 685, 23]
   [688, 687, 92, 685, 46, 44]
     [689, 42, 94, 22, 45, 27]
   [690, 93, 691, 95, 21, 686]
   [691, 21, 690, 695, 93, 95]
 [692, 697, 702, 696, 20, 720]
 [693, 721, 722, 10, 696, 720]
   [694, 96, 698, 93, 88, 102]
  [695, 691, 690, 21, 698, 93]
  [696, 720, 20, 703, 10, 692]
[697, 702, 692, 695, 711, 712]
 [698, 694, 695, 93, 710, 690]
[699, 719, 708, 718, 700, 707]
    [700, 708, 7, 699, 6, 709]
      [701, 710, 8, 9, 4, 709]
[702, 697, 712, 703, 692, 711]
 [703, 720, 10, 702, 696, 712]
  [704, 715, 705, 4, 713, 716]
  [705, 713, 715, 716, 6, 704]
  [706, 707, 718, 708, 7, 717]
  [707, 706, 718, 708, 719, 7]
  [708, 7, 700, 718, 699, 707]
      [709, 6, 8, 716, 715, 9]
      [710, 701, 698, 8, 4, 9]
  [711, 712, 702, 3, 697, 703]
  [712, 711, 702, 3, 703, 697]
  [713, 705, 704, 715, 716, 6]
   [714, 1, 723, 721, 10, 722]
  [715, 716, 6, 705, 704, 713]
    [716, 6, 715, 705, 7, 704]
  [717, 706, 707, 718, 5, 719]
[718, 707, 706, 708, 719, 699]
  [719, 699, 718, 5, 708, 707]
  [720, 696, 703, 10, 20, 702]
   [721, 722, 693, 10, 714, 1]
 [722, 721, 693, 723, 714, 12]