                                COVERAGE
       [0, 723, 11, 12, 714, 1, 722, 13]
     [1, 714, 723, 10, 721, 2, 722, 703]
       [2, 3, 712, 1, 703, 10, 714, 702]
     [3, 712, 2, 711, 702, 703, 10, 697]
    [4, 704, 713, 705, 715, 6, 709, 716]
   [5, 719, 14, 699, 718, 707, 717, 706]
    [6, 716, 715, 705, 709, 7, 704, 713]
    [7, 708, 716, 6, 700, 715, 709, 718]
       [8, 9, 709, 701, 15, 6, 715, 704]
        [9, 8, 709, 15, 701, 6, 700, 19]
   [10, 720, 703, 1, 696, 721, 693, 714]
      [11, 12, 13, 723, 0, 722, 17, 721]
      [12, 11, 723, 722, 13, 0, 721, 17]
        [13, 17, 98, 11, 12, 25, 26, 90]
     [14, 5, 16, 719, 699, 85, 718, 707]
        [15, 18, 19, 9, 700, 8, 709, 97]
      [16, 99, 699, 100, 14, 719, 5, 18]
        [17, 13, 98, 26, 25, 90, 11, 12]
      [18, 19, 15, 97, 86, 99, 700, 100]
        [19, 18, 97, 15, 86, 9, 101, 87]
     [20, 24, 23, 696, 692, 720, 92, 28]
    [21, 691, 690, 695, 92, 95, 688, 93]
       [22, 27, 94, 689, 25, 91, 26, 42]
      [23, 24, 20, 92, 687, 28, 44, 696]
       [24, 23, 20, 28, 696, 38, 92, 43]
        [25, 26, 94, 91, 22, 98, 90, 27]
        [26, 25, 91, 90, 98, 94, 22, 39]
       [27, 22, 94, 689, 25, 42, 91, 26]
        [28, 43, 38, 24, 23, 44, 36, 20]
      [29, 46, 30, 95, 686, 37, 81, 688]
       [30, 81, 29, 686, 46, 95, 33, 64]
     [31, 683, 45, 42, 80, 47, 684, 689]
     [32, 685, 35, 44, 688, 37, 38, 687]
      [33, 64, 30, 81, 106, 77, 675, 37]
    [34, 678, 665, 35, 37, 666, 32, 675]
   [35, 32, 34, 665, 676, 685, 678, 671]
      [36, 43, 38, 671, 78, 28, 683, 44]
      [37, 46, 29, 34, 685, 30, 688, 32]
       [38, 43, 28, 44, 36, 24, 32, 685]
       [39, 47, 91, 90, 684, 80, 94, 41]
      [40, 48, 41, 79, 684, 670, 39, 80]
       [41, 48, 40, 684, 39, 90, 79, 80]
       [42, 45, 689, 47, 31, 94, 39, 22]
        [43, 38, 28, 36, 44, 24, 45, 23]
     [44, 685, 687, 38, 32, 688, 92, 28]
       [45, 42, 689, 31, 47, 94, 22, 80]
      [46, 29, 37, 30, 688, 95, 686, 21]
      [47, 39, 80, 684, 42, 91, 45, 689]
      [48, 40, 41, 79, 684, 80, 39, 670]
      [49, 65, 107, 50, 108, 58, 66, 67]
     [50, 49, 107, 65, 108, 58, 67, 111]
      [51, 59, 111, 58, 60, 104, 57, 61]
       [52, 72, 53, 71, 54, 73, 110, 56]
       [53, 71, 52, 72, 54, 73, 110, 56]
       [54, 53, 52, 71, 72, 73, 56, 110]
       [55, 57, 61, 60, 104, 56, 76, 54]
       [56, 57, 55, 60, 61, 76, 104, 75]
       [57, 60, 55, 61, 104, 56, 76, 75]
     [58, 50, 51, 59, 108, 111, 49, 107]
       [59, 51, 104, 58, 60, 61, 57, 55]
       [60, 57, 61, 55, 104, 56, 59, 76]
       [61, 60, 55, 57, 104, 56, 59, 76]
     [62, 69, 83, 103, 115, 70, 105, 63]
     [63, 114, 110, 84, 82, 115, 73, 72]
      [64, 66, 81, 33, 77, 30, 106, 107]
      [65, 49, 107, 50, 108, 66, 67, 58]
      [66, 64, 65, 81, 102, 49, 87, 107]
     [67, 108, 68, 89, 65, 111, 49, 101]
    [68, 111, 89, 108, 67, 112, 113, 75]
    [69, 62, 103, 115, 83, 70, 105, 114]
    [70, 105, 115, 103, 69, 114, 71, 72]
      [71, 72, 53, 52, 54, 73, 110, 114]
      [72, 71, 52, 53, 54, 73, 110, 114]
      [73, 110, 72, 52, 71, 53, 54, 114]
    [74, 113, 75, 112, 76, 109, 56, 110]
     [75, 112, 74, 113, 76, 109, 56, 57]
     [76, 75, 74, 112, 113, 56, 109, 73]
     [77, 106, 116, 107, 64, 33, 49, 65]
  [78, 671, 680, 669, 36, 668, 683, 676]
     [79, 670, 40, 48, 41, 684, 681, 80]
       [80, 684, 47, 39, 31, 42, 48, 41]
      [81, 30, 64, 686, 66, 29, 33, 102]
    [82, 84, 63, 114, 109, 110, 73, 113]
      [83, 62, 69, 85, 115, 103, 84, 63]
    [84, 82, 63, 114, 110, 85, 109, 115]
        [85, 83, 84, 14, 62, 63, 82, 69]
       [86, 101, 97, 87, 19, 88, 18, 96]
      [87, 101, 88, 86, 102, 96, 97, 66]
     [88, 102, 96, 87, 101, 86, 97, 694]
    [89, 68, 100, 67, 99, 108, 109, 111]
        [90, 91, 26, 39, 98, 25, 41, 94]
        [91, 39, 90, 94, 26, 25, 47, 22]
     [92, 687, 688, 23, 44, 21, 685, 24]
   [93, 690, 95, 686, 694, 96, 691, 695]
       [94, 22, 91, 689, 25, 27, 26, 39]
     [95, 686, 93, 690, 29, 30, 46, 691]
     [96, 88, 102, 694, 87, 93, 686, 97]
       [97, 19, 86, 18, 87, 101, 88, 96]
        [98, 26, 90, 25, 17, 91, 13, 39]
       [99, 100, 16, 89, 18, 19, 82, 86]
      [100, 99, 89, 16, 82, 18, 68, 109]
      [101, 87, 86, 97, 88, 67, 102, 19]
      [102, 88, 96, 87, 686, 66, 81, 93]
    [103, 69, 62, 70, 115, 105, 83, 114]
       [104, 61, 60, 55, 57, 56, 59, 51]
     [105, 70, 115, 103, 71, 53, 72, 52]
    [106, 77, 116, 33, 675, 107, 64, 49]
     [107, 49, 50, 65, 77, 108, 58, 116]
      [108, 67, 50, 65, 68, 111, 49, 58]
    [109, 113, 74, 112, 75, 76, 110, 73]
      [110, 73, 114, 72, 52, 71, 53, 63]
    [111, 51, 68, 108, 112, 75, 113, 74]
    [112, 113, 75, 74, 76, 109, 56, 111]
    [113, 112, 74, 75, 76, 109, 56, 110]
     [114, 63, 110, 73, 115, 72, 71, 82]
    [115, 70, 105, 69, 103, 114, 62, 63]
  [116, 106, 77, 651, 644, 107, 645, 50]
 [117, 649, 121, 648, 170, 105, 118, 70]
[118, 648, 650, 652, 122, 168, 169, 123]
[119, 120, 640, 638, 639, 647, 150, 650]
[120, 119, 640, 638, 150, 639, 149, 647]
[121, 649, 170, 117, 648, 118, 131, 169]
[122, 167, 123, 168, 166, 124, 169, 148]
[123, 124, 168, 169, 166, 125, 167, 122]
[124, 169, 123, 168, 166, 125, 167, 171]
[125, 124, 166, 169, 123, 168, 171, 145]
[126, 131, 132, 129, 127, 128, 602, 283]
[127, 132, 130, 126, 131, 278, 129, 128]
[128, 283, 129, 282, 280, 279, 602, 126]
[129, 128, 283, 602, 126, 282, 280, 131]
[130, 278, 281, 127, 276, 280, 132, 275]
[131, 126, 132, 127, 129, 125, 170, 602]
[132, 127, 131, 126, 130, 129, 128, 278]
[133, 147, 134, 588, 136, 135, 601, 137]
[134, 135, 146, 149, 147, 601, 133, 150]
[135, 149, 134, 150, 146, 147, 148, 601]
[136, 137, 140, 606, 151, 133, 147, 582]
[137, 136, 140, 606, 151, 582, 607, 152]
[138, 139, 600, 161, 605, 607, 589, 156]
[139, 138, 161, 156, 635, 600, 607, 152]
[140, 151, 137, 136, 152, 606, 637, 607]
[141, 165, 143, 172, 164, 144, 160, 599]
[142, 163, 154, 162, 630, 173, 155, 610]
[143, 172, 144, 141, 174, 183, 176, 165]
[144, 143, 172, 183, 176, 178, 174, 141]
[145, 171, 148, 166, 167, 125, 123, 124]
[146, 135, 134, 601, 148, 150, 149, 603]
[147, 133, 134, 135, 136, 149, 146, 137]
[148, 145, 167, 171, 146, 122, 166, 150]
[149, 150, 135, 120, 134, 146, 119, 638]
[150, 149, 135, 120, 146, 119, 148, 134]
[151, 140, 152, 637, 137, 620, 607, 158]
[152, 151, 607, 158, 637, 140, 139, 161]
[153, 164, 159, 157, 608, 165, 160, 609]
[154, 163, 630, 610, 142, 155, 631, 162]
[155, 631, 619, 609, 154, 160, 163, 162]
[156, 608, 161, 635, 159, 139, 157, 138]
[157, 159, 608, 153, 156, 614, 617, 621]
[158, 618, 637, 152, 623, 659, 635, 636]
[159, 608, 157, 153, 156, 164, 604, 161]
[160, 609, 619, 155, 153, 631, 164, 162]
[161, 139, 635, 156, 138, 608, 152, 158]
[162, 163, 142, 155, 154, 160, 176, 631]
[163, 154, 142, 630, 162, 155, 610, 631]
[164, 165, 153, 141, 604, 159, 160, 608]
[165, 164, 141, 604, 153, 143, 160, 172]
[166, 123, 124, 169, 168, 125, 167, 171]
[167, 122, 166, 123, 168, 124, 169, 148]
[168, 169, 123, 124, 166, 125, 167, 122]
[169, 124, 168, 123, 166, 125, 167, 171]
[170, 121, 649, 117, 648, 131, 132, 126]
[171, 145, 166, 125, 124, 123, 169, 168]
[172, 143, 144, 141, 174, 183, 599, 597]
[173, 175, 177, 176, 178, 182, 142, 162]
[174, 183, 172, 597, 599, 592, 144, 143]
[175, 177, 173, 182, 176, 178, 180, 179]
[176, 178, 144, 173, 175, 179, 143, 183]
[177, 175, 182, 173, 180, 178, 179, 176]
[178, 176, 179, 183, 177, 144, 175, 182]
[179, 178, 180, 181, 183, 182, 177, 176]
[180, 182, 179, 181, 177, 178, 175, 183]
[181, 180, 179, 559, 182, 178, 183, 177]
[182, 177, 180, 175, 179, 178, 173, 181]
[183, 174, 144, 178, 179, 172, 143, 176]
[184, 185, 552, 553, 186, 550, 563, 551]
[185, 552, 186, 553, 184, 550, 563, 545]
[186, 553, 185, 552, 184, 550, 563, 546]
[187, 544, 549, 555, 547, 189, 573, 542]
[188, 257, 543, 264, 547, 542, 523, 541]
[189, 544, 542, 541, 547, 256, 255, 191]
[190, 269, 534, 532, 538, 531, 535, 537]
[191, 255, 246, 207, 541, 220, 189, 518]
[192, 266, 193, 259, 197, 263, 260, 526]
[193, 194, 196, 197, 192, 266, 526, 267]
[194, 196, 193, 197, 265, 268, 526, 525]
[195, 198, 200, 256, 235, 206, 540, 253]
[196, 194, 197, 526, 193, 525, 265, 520]
[197, 526, 196, 194, 525, 193, 192, 514]
[198, 200, 235, 195, 540, 206, 204, 527]
[199, 236, 205, 202, 241, 238, 237, 234]
[200, 235, 198, 204, 206, 195, 540, 527]
[201, 203, 202, 269, 537, 242, 533, 254]
[202, 533, 199, 236, 201, 203, 237, 529]
[203, 201, 242, 202, 240, 237, 254, 236]
[204, 200, 235, 206, 245, 198, 244, 527]
[205, 241, 238, 236, 237, 199, 234, 239]
[206, 200, 204, 198, 235, 253, 195, 219]
[207, 220, 246, 191, 255, 518, 513, 253]
[208, 221, 520, 514, 525, 516, 247, 519]
[209, 521, 251, 248, 510, 261, 262, 210]
[210, 250, 521, 249, 247, 526, 263, 262]
[211, 510, 251, 508, 248, 505, 212, 507]
[212, 508, 213, 507, 252, 509, 211, 248]
[213, 212, 509, 511, 252, 508, 507, 344]
[214, 217, 228, 216, 218, 243, 229, 321]
[215, 222, 223, 345, 349, 225, 224, 515]
[216, 217, 226, 214, 243, 218, 242, 228]
[217, 243, 214, 218, 216, 226, 242, 228]
[218, 217, 243, 214, 245, 244, 216, 254]
[219, 512, 227, 206, 253, 330, 323, 324]
[220, 207, 513, 246, 253, 255, 191, 518]
[221, 208, 514, 520, 516, 525, 247, 511]
[222, 224, 223, 225, 215, 515, 516, 345]
[223, 225, 224, 222, 515, 215, 517, 518]
[224, 515, 225, 222, 223, 516, 517, 519]
[225, 223, 224, 515, 222, 517, 518, 516]
[226, 242, 240, 216, 217, 243, 214, 237]
[227, 330, 219, 324, 323, 321, 512, 322]
[228, 229, 230, 214, 321, 326, 216, 325]
[229, 228, 230, 321, 214, 325, 326, 328]
[230, 325, 229, 228, 326, 321, 333, 354]
[231, 320, 232, 329, 319, 233, 327, 239]
[232, 329, 231, 233, 320, 319, 239, 234]
[233, 232, 329, 231, 239, 319, 320, 234]
[234, 239, 241, 238, 205, 237, 236, 329]
[235, 200, 198, 204, 540, 527, 195, 539]
[236, 237, 199, 205, 238, 241, 202, 239]
[237, 236, 238, 205, 241, 239, 240, 199]
[238, 241, 205, 239, 234, 237, 236, 199]
[239, 234, 238, 241, 237, 205, 233, 236]
[240, 242, 226, 237, 203, 239, 238, 216]
[241, 238, 205, 234, 239, 236, 237, 199]
[242, 226, 240, 243, 203, 216, 254, 217]
[243, 217, 218, 254, 216, 214, 242, 226]
[244, 245, 254, 218, 204, 243, 217, 235]
[245, 244, 204, 218, 254, 243, 217, 235]
[246, 255, 191, 207, 220, 253, 256, 518]
[247, 250, 249, 511, 514, 210, 525, 526]
[248, 251, 510, 252, 209, 211, 212, 508]
[249, 250, 247, 511, 252, 210, 514, 213]
[250, 249, 247, 210, 511, 252, 514, 526]
[251, 248, 510, 209, 211, 252, 508, 212]
[252, 249, 248, 212, 511, 250, 213, 251]
[253, 206, 220, 512, 195, 246, 207, 255]
[254, 244, 243, 245, 242, 218, 269, 203]
[255, 246, 191, 207, 256, 220, 189, 541]
[256, 195, 189, 255, 198, 246, 191, 544]
[257, 188, 264, 543, 523, 522, 268, 265]
[258, 271, 273, 270, 267, 266, 193, 268]
[259, 260, 263, 524, 262, 261, 521, 192]
[260, 263, 524, 262, 259, 261, 521, 192]
[261, 524, 262, 263, 260, 259, 521, 209]
[262, 263, 524, 260, 261, 259, 521, 210]
[263, 262, 260, 524, 259, 261, 521, 210]
[264, 257, 522, 523, 188, 517, 519, 265]
[265, 522, 268, 523, 194, 196, 520, 197]
[266, 267, 192, 270, 193, 258, 194, 259]
[267, 270, 266, 258, 274, 271, 192, 193]
[268, 523, 265, 522, 194, 196, 193, 264]
[269, 190, 534, 532, 537, 538, 535, 531]
[270, 267, 266, 271, 274, 258, 272, 273]
[271, 273, 258, 270, 277, 275, 267, 279]
[272, 276, 274, 281, 278, 275, 270, 280]
[273, 271, 277, 258, 279, 275, 282, 270]
[274, 272, 270, 276, 267, 275, 281, 271]
[275, 279, 280, 277, 281, 276, 282, 271]
[276, 281, 278, 272, 275, 130, 274, 280]
[277, 279, 273, 275, 282, 271, 280, 283]
[278, 281, 276, 130, 280, 272, 275, 279]
[279, 280, 275, 277, 282, 283, 281, 128]
[280, 279, 275, 282, 281, 283, 277, 128]
[281, 278, 276, 130, 280, 272, 275, 279]
[282, 283, 128, 279, 277, 280, 129, 275]
[283, 282, 128, 129, 279, 280, 277, 602]
[284, 286, 287, 289, 285, 290, 288, 504]
[285, 290, 284, 288, 483, 286, 289, 287]
[286, 289, 284, 285, 290, 287, 504, 288]
[287, 284, 288, 504, 501, 285, 286, 301]
[288, 301, 287, 285, 483, 300, 500, 290]
[289, 286, 284, 290, 285, 287, 291, 288]
[290, 285, 291, 284, 289, 483, 286, 288]
[291, 290, 293, 285, 403, 294, 483, 298]
[292, 408, 407, 294, 293, 297, 412, 457]
[293, 407, 291, 294, 403, 292, 408, 298]
[294, 298, 297, 484, 483, 293, 291, 292]
[295, 416, 486, 415, 485, 477, 292, 456]
[296, 476, 487, 479, 489, 485, 475, 490]
[297, 294, 298, 484, 299, 483, 300, 292]
[298, 484, 294, 483, 297, 300, 299, 301]
[299, 300, 484, 297, 298, 492, 499, 493]
[300, 484, 301, 483, 298, 299, 500, 288]
[301, 288, 300, 500, 503, 483, 484, 287]
[302, 316, 304, 307, 305, 318, 317, 306]
[303, 356, 355, 354, 310, 316, 305, 333]
[304, 307, 302, 306, 305, 318, 316, 314]
[305, 307, 316, 304, 302, 356, 309, 314]
[306, 308, 318, 304, 317, 307, 314, 302]
[307, 304, 305, 302, 314, 316, 306, 309]
[308, 306, 401, 314, 304, 307, 318, 309]
[309, 314, 311, 397, 307, 305, 396, 406]
[310, 312, 311, 313, 356, 303, 397, 305]
[311, 397, 312, 310, 309, 405, 305, 314]
[312, 310, 311, 313, 397, 356, 303, 305]
[313, 360, 362, 310, 312, 355, 356, 303]
[314, 309, 308, 307, 401, 304, 306, 305]
[315, 357, 361, 363, 488, 359, 474, 482]
[316, 302, 305, 307, 304, 303, 356, 333]
[317, 318, 306, 302, 304, 307, 319, 320]
[318, 317, 306, 304, 302, 307, 308, 316]
[319, 231, 320, 327, 232, 233, 329, 317]
[320, 231, 329, 319, 232, 233, 317, 318]
[321, 229, 330, 328, 331, 228, 230, 324]
[322, 324, 336, 331, 323, 335, 330, 328]
[323, 347, 324, 337, 322, 336, 338, 330]
[324, 322, 323, 330, 331, 336, 335, 328]
[325, 230, 326, 333, 354, 229, 355, 228]
[326, 333, 325, 327, 230, 228, 229, 354]
[327, 333, 326, 319, 325, 316, 230, 302]
[328, 331, 332, 321, 322, 336, 335, 324]
[329, 232, 231, 320, 233, 234, 319, 239]
[330, 324, 227, 321, 331, 322, 328, 323]
[331, 328, 322, 324, 336, 321, 330, 332]
[332, 328, 331, 482, 335, 358, 336, 322]
[333, 326, 327, 325, 303, 316, 354, 230]
[334, 335, 338, 336, 337, 491, 322, 482]
[335, 336, 322, 334, 331, 324, 332, 328]
[336, 335, 322, 324, 331, 334, 323, 328]
[337, 347, 338, 323, 496, 346, 336, 322]
[338, 337, 496, 491, 347, 334, 323, 346]
[339, 350, 498, 495, 349, 341, 494, 481]
[340, 348, 341, 351, 494, 349, 350, 346]
[341, 494, 340, 339, 350, 498, 495, 349]
[342, 343, 344, 345, 497, 509, 221, 213]
[343, 342, 344, 497, 499, 493, 345, 509]
[344, 497, 509, 506, 343, 342, 499, 213]
[345, 349, 215, 350, 498, 342, 339, 343]
[346, 351, 496, 347, 348, 337, 338, 491]
[347, 337, 323, 338, 346, 496, 324, 322]
[348, 340, 351, 346, 496, 341, 491, 338]
[349, 350, 345, 339, 498, 215, 495, 341]
[350, 339, 498, 349, 495, 341, 345, 494]
[351, 348, 346, 340, 513, 496, 347, 341]
[352, 353, 506, 502, 507, 501, 503, 509]
[353, 502, 501, 352, 507, 503, 506, 504]
[354, 355, 325, 303, 356, 358, 333, 230]
[355, 354, 303, 356, 313, 358, 360, 310]
[356, 303, 310, 355, 312, 305, 313, 354]
[357, 315, 482, 488, 359, 363, 361, 358]
[358, 482, 332, 357, 355, 354, 315, 360]
[359, 488, 363, 357, 482, 315, 475, 487]
[360, 313, 362, 361, 474, 355, 402, 358]
[361, 474, 402, 315, 362, 360, 357, 473]
[362, 360, 313, 474, 361, 473, 402, 472]
[363, 488, 359, 315, 475, 357, 467, 361]
[364, 403, 409, 420, 423, 421, 422, 407]
[365, 373, 372, 366, 374, 375, 367, 371]
[366, 372, 373, 365, 367, 371, 374, 375]
[367, 371, 372, 366, 370, 373, 365, 369]
[368, 369, 370, 371, 367, 372, 366, 373]
[369, 370, 368, 371, 367, 372, 366, 373]
[370, 369, 371, 367, 368, 372, 366, 373]
[371, 367, 370, 372, 366, 373, 369, 365]
[372, 366, 373, 365, 367, 371, 374, 375]
[373, 365, 372, 366, 374, 367, 371, 375]
[374, 375, 376, 365, 377, 373, 366, 372]
[375, 374, 376, 377, 365, 373, 378, 366]
[376, 377, 375, 378, 374, 379, 380, 365]
[377, 376, 378, 375, 374, 379, 380, 381]
[378, 379, 377, 376, 380, 381, 375, 374]
[379, 380, 381, 378, 382, 377, 376, 383]
[380, 379, 381, 378, 382, 377, 376, 383]
[381, 380, 379, 382, 383, 378, 377, 376]
[382, 381, 383, 380, 379, 378, 384, 377]
[383, 382, 381, 380, 379, 387, 386, 378]
[384, 382, 383, 380, 381, 387, 379, 386]
[385, 388, 390, 386, 389, 391, 387, 392]
[386, 388, 387, 385, 389, 390, 391, 393]
[387, 386, 388, 385, 389, 390, 391, 383]
[388, 386, 385, 387, 389, 390, 391, 392]
[389, 390, 391, 385, 388, 386, 387, 392]
[390, 389, 391, 385, 388, 392, 386, 387]
[391, 390, 389, 392, 385, 388, 386, 393]
[392, 391, 390, 393, 389, 385, 388, 386]
[393, 392, 385, 390, 391, 389, 388, 386]
[394, 395, 400, 396, 399, 393, 401, 406]
[395, 394, 400, 396, 401, 399, 393, 406]
[396, 400, 406, 401, 394, 399, 309, 314]
[397, 311, 405, 312, 309, 398, 406, 310]
[398, 406, 405, 399, 397, 384, 400, 396]
[399, 406, 393, 400, 398, 396, 384, 385]
[400, 396, 406, 399, 394, 401, 398, 395]
[401, 308, 314, 396, 400, 306, 309, 394]
[402, 474, 361, 473, 362, 315, 472, 467]
[403, 364, 291, 293, 407, 290, 289, 409]
[404, 472, 405, 470, 397, 362, 473, 312]
[405, 397, 398, 404, 311, 406, 312, 309]
[406, 398, 400, 399, 396, 405, 397, 309]
[407, 408, 293, 409, 413, 292, 364, 414]
[408, 407, 413, 412, 409, 292, 461, 460]
[409, 414, 413, 407, 408, 461, 364, 431]
[410, 411, 452, 450, 456, 457, 460, 448]
[411, 410, 456, 457, 415, 452, 459, 462]
[412, 457, 460, 413, 408, 461, 452, 410]
[413, 461, 408, 409, 412, 460, 414, 407]
[414, 409, 413, 431, 432, 461, 434, 430]
[415, 456, 416, 411, 457, 295, 459, 419]
[416, 415, 295, 456, 457, 486, 411, 412]
[417, 466, 418, 465, 454, 455, 468, 476]
[418, 465, 466, 417, 454, 458, 419, 463]
[419, 458, 418, 465, 476, 415, 417, 459]
[420, 421, 422, 423, 424, 425, 426, 364]
[421, 420, 422, 423, 424, 425, 426, 427]
[422, 423, 421, 420, 424, 425, 426, 364]
[423, 422, 421, 420, 364, 424, 425, 426]
[424, 425, 426, 427, 428, 429, 430, 421]
[425, 426, 424, 427, 428, 429, 430, 431]
[426, 425, 427, 424, 428, 429, 430, 431]
[427, 426, 425, 428, 424, 429, 430, 431]
[428, 427, 429, 426, 425, 430, 424, 431]
[429, 430, 428, 427, 431, 432, 426, 425]
[430, 429, 431, 432, 434, 428, 433, 435]
[431, 432, 434, 433, 430, 435, 429, 436]
[432, 431, 434, 433, 430, 435, 429, 436]
[433, 434, 435, 432, 431, 436, 437, 430]
[434, 433, 432, 431, 435, 436, 430, 437]
[435, 433, 436, 434, 437, 432, 431, 438]
[436, 437, 435, 438, 439, 433, 440, 434]
[437, 436, 438, 435, 439, 440, 441, 433]
[438, 439, 440, 441, 437, 436, 435, 442]
[439, 438, 440, 441, 437, 436, 442, 443]
[440, 439, 441, 438, 442, 437, 436, 443]
[441, 440, 439, 438, 442, 443, 437, 436]
[442, 443, 444, 445, 440, 441, 439, 438]
[443, 442, 444, 445, 441, 440, 446, 439]
[444, 445, 443, 446, 442, 447, 448, 449]
[445, 444, 446, 443, 442, 447, 448, 449]
[446, 447, 445, 444, 448, 449, 443, 442]
[447, 448, 449, 446, 450, 445, 444, 451]
[448, 447, 449, 446, 450, 445, 444, 451]
[449, 448, 447, 450, 451, 446, 445, 444]
[450, 449, 451, 448, 447, 452, 446, 445]
[451, 450, 449, 448, 447, 446, 452, 445]
[452, 410, 450, 448, 447, 445, 444, 449]
[453, 469, 455, 468, 454, 466, 417, 467]
[454, 466, 455, 465, 463, 418, 417, 453]
[455, 454, 453, 466, 469, 468, 417, 465]
[456, 411, 415, 459, 410, 416, 457, 462]
[457, 412, 411, 460, 410, 456, 416, 415]
[458, 459, 419, 465, 418, 462, 463, 464]
[459, 462, 458, 456, 411, 464, 415, 410]
[460, 412, 461, 452, 413, 442, 444, 445]
[461, 413, 460, 440, 436, 438, 439, 414]
[462, 459, 458, 464, 456, 411, 410, 463]
[463, 464, 454, 465, 418, 458, 455, 466]
[464, 463, 465, 462, 454, 458, 459, 418]
[465, 418, 466, 454, 417, 458, 463, 455]
[466, 417, 418, 454, 465, 455, 468, 463]
[467, 468, 469, 363, 475, 402, 453, 474]
[468, 469, 467, 453, 455, 417, 466, 454]
[469, 453, 468, 455, 467, 466, 471, 454]
[470, 472, 471, 404, 473, 365, 373, 374]
[471, 470, 473, 472, 469, 368, 453, 402]
[472, 473, 404, 470, 362, 471, 402, 474]
[473, 472, 402, 474, 362, 361, 471, 470]
[474, 361, 402, 362, 473, 315, 360, 357]
[475, 363, 476, 487, 467, 488, 359, 296]
[476, 475, 296, 417, 487, 419, 418, 466]
[477, 478, 480, 486, 481, 485, 489, 295]
[478, 477, 480, 481, 489, 486, 494, 485]
[479, 490, 487, 489, 296, 491, 476, 475]
[480, 478, 481, 477, 492, 495, 486, 494]
[481, 480, 478, 495, 494, 339, 477, 498]
[482, 357, 358, 359, 332, 315, 488, 335]
[483, 484, 298, 300, 288, 285, 301, 290]
[484, 298, 483, 300, 297, 294, 299, 301]
[485, 486, 296, 477, 489, 478, 295, 419]
[486, 295, 485, 477, 478, 416, 480, 415]
[487, 479, 296, 475, 490, 476, 488, 359]
[488, 359, 363, 357, 315, 482, 475, 487]
[489, 479, 296, 478, 490, 485, 477, 494]
[490, 479, 491, 487, 489, 496, 334, 338]
[491, 496, 338, 490, 334, 337, 346, 347]
[492, 493, 495, 481, 498, 480, 299, 499]
[493, 492, 499, 495, 299, 343, 498, 481]
[494, 341, 481, 339, 495, 350, 498, 340]
[495, 498, 339, 350, 481, 492, 349, 341]
[496, 491, 338, 346, 337, 347, 348, 351]
[497, 344, 506, 509, 343, 499, 503, 500]
[498, 495, 339, 350, 349, 341, 481, 492]
[499, 500, 497, 493, 503, 299, 343, 300]
[500, 503, 301, 499, 300, 288, 497, 506]
[501, 353, 502, 352, 503, 287, 504, 288]
[502, 353, 501, 352, 504, 507, 505, 287]
[503, 500, 352, 501, 301, 506, 353, 499]
[504, 502, 287, 501, 353, 505, 284, 352]
[505, 502, 211, 504, 507, 508, 353, 501]
[506, 509, 497, 352, 344, 503, 507, 353]
[507, 352, 508, 353, 212, 509, 506, 502]
[508, 212, 507, 211, 213, 252, 509, 510]
[509, 506, 344, 213, 497, 507, 352, 212]
[510, 251, 248, 211, 209, 252, 508, 212]
[511, 249, 247, 250, 252, 213, 514, 210]
[512, 219, 253, 206, 227, 323, 347, 346]
[513, 220, 351, 207, 346, 348, 340, 518]
[514, 525, 247, 208, 520, 221, 526, 511]
[515, 224, 516, 517, 225, 519, 223, 222]
[516, 519, 515, 224, 517, 225, 222, 520]
[517, 519, 515, 516, 224, 225, 518, 223]
[518, 225, 207, 517, 223, 191, 515, 246]
[519, 516, 517, 515, 224, 520, 225, 522]
[520, 525, 208, 514, 519, 221, 265, 516]
[521, 209, 261, 262, 263, 524, 260, 210]
[522, 265, 523, 268, 264, 520, 519, 194]
[523, 268, 522, 265, 264, 257, 194, 188]
[524, 262, 260, 263, 261, 259, 521, 209]
[525, 514, 526, 197, 520, 196, 247, 194]
[526, 197, 525, 196, 210, 514, 194, 193]
[527, 539, 540, 530, 235, 536, 528, 538]
[528, 539, 540, 546, 527, 530, 536, 563]
[529, 533, 564, 559, 202, 201, 537, 181]
[530, 536, 539, 527, 546, 538, 545, 531]
[531, 532, 535, 534, 538, 190, 536, 530]
[532, 534, 531, 535, 538, 190, 536, 269]
[533, 529, 202, 564, 201, 559, 199, 203]
[534, 532, 535, 531, 538, 190, 536, 269]
[535, 534, 531, 532, 538, 190, 536, 548]
[536, 530, 531, 538, 545, 535, 532, 546]
[537, 269, 190, 534, 535, 532, 531, 562]
[538, 531, 532, 535, 534, 190, 536, 530]
[539, 540, 527, 530, 528, 536, 546, 235]
[540, 539, 527, 528, 235, 198, 530, 200]
[541, 542, 547, 189, 191, 544, 255, 246]
[542, 547, 541, 189, 544, 187, 188, 191]
[543, 188, 257, 554, 567, 555, 547, 264]
[544, 189, 187, 547, 542, 541, 256, 555]
[545, 563, 548, 546, 536, 553, 552, 186]
[546, 563, 545, 530, 553, 536, 186, 552]
[547, 542, 541, 544, 189, 187, 555, 188]
[548, 560, 545, 562, 551, 563, 536, 535]
[549, 573, 568, 187, 565, 570, 556, 572]
[550, 186, 185, 553, 552, 184, 563, 572]
[551, 560, 562, 548, 184, 552, 185, 553]
[552, 553, 185, 186, 184, 563, 550, 545]
[553, 552, 186, 185, 184, 563, 550, 545]
[554, 555, 571, 567, 556, 543, 575, 580]
[555, 554, 556, 187, 571, 547, 549, 543]
[556, 555, 571, 554, 568, 580, 549, 585]
[557, 596, 594, 551, 558, 590, 591, 560]
[558, 591, 574, 593, 594, 596, 569, 557]
[559, 564, 181, 529, 595, 533, 179, 561]
[560, 562, 548, 551, 545, 563, 561, 184]
[561, 562, 595, 560, 537, 551, 548, 564]
[562, 560, 548, 551, 561, 545, 535, 534]
[563, 553, 545, 552, 186, 546, 185, 184]
[564, 529, 559, 533, 561, 595, 537, 181]
[565, 572, 573, 550, 549, 570, 186, 185]
[566, 576, 577, 567, 578, 575, 579, 584]
[567, 575, 571, 566, 554, 578, 580, 576]
[568, 586, 570, 549, 585, 573, 556, 581]
[569, 581, 587, 570, 591, 558, 574, 593]
[570, 581, 568, 573, 586, 569, 572, 565]
[571, 580, 575, 554, 567, 556, 555, 578]
[572, 565, 573, 550, 570, 574, 186, 185]
[573, 549, 565, 572, 570, 568, 187, 586]
[574, 558, 184, 550, 591, 185, 186, 552]
[575, 571, 567, 580, 578, 566, 576, 579]
[576, 577, 566, 578, 579, 583, 584, 575]
[577, 576, 579, 578, 583, 566, 584, 575]
[578, 579, 577, 583, 576, 575, 566, 580]
[579, 583, 578, 577, 576, 601, 566, 575]
[580, 571, 575, 588, 578, 567, 556, 554]
[581, 570, 586, 569, 582, 585, 568, 606]
[582, 606, 581, 587, 605, 569, 137, 607]
[583, 579, 578, 577, 601, 576, 603, 575]
[584, 576, 577, 566, 282, 283, 579, 602]
[585, 586, 568, 588, 581, 570, 556, 582]
[586, 585, 568, 581, 570, 588, 556, 549]
[587, 593, 589, 605, 569, 591, 582, 558]
[588, 585, 580, 133, 586, 571, 556, 568]
[589, 593, 587, 605, 600, 591, 598, 138]
[590, 597, 599, 592, 596, 595, 557, 594]
[591, 558, 593, 594, 574, 587, 569, 589]
[592, 597, 599, 590, 595, 174, 172, 183]
[593, 591, 589, 587, 558, 594, 598, 569]
[594, 596, 557, 591, 558, 593, 598, 590]
[595, 592, 561, 597, 590, 599, 174, 559]
[596, 594, 557, 558, 590, 591, 598, 593]
[597, 599, 592, 590, 174, 595, 172, 183]
[598, 600, 594, 604, 589, 593, 596, 590]
[599, 597, 592, 590, 174, 172, 141, 595]
[600, 598, 138, 589, 604, 139, 593, 605]
[601, 146, 583, 603, 579, 134, 148, 578]
[602, 129, 128, 283, 171, 145, 125, 603]
[603, 601, 583, 145, 148, 171, 146, 579]
[604, 164, 165, 598, 600, 159, 141, 608]
[605, 607, 589, 587, 138, 606, 582, 593]
[606, 582, 137, 607, 605, 140, 136, 587]
[607, 605, 152, 606, 138, 151, 139, 140]
[608, 159, 156, 157, 161, 153, 635, 164]
[609, 619, 631, 155, 160, 613, 629, 616]
[610, 630, 612, 154, 654, 611, 631, 155]
[611, 613, 627, 612, 654, 658, 673, 610]
[612, 654, 610, 611, 673, 630, 613, 682]
[613, 627, 629, 611, 658, 616, 619, 609]
[614, 615, 617, 632, 157, 656, 635, 657]
[615, 632, 614, 623, 635, 624, 657, 626]
[616, 629, 622, 613, 621, 658, 627, 609]
[617, 614, 660, 621, 656, 157, 615, 657]
[618, 636, 637, 659, 158, 620, 623, 628]
[619, 609, 631, 155, 613, 160, 629, 616]
[620, 636, 637, 634, 633, 618, 628, 151]
[621, 622, 617, 616, 661, 629, 653, 660]
[622, 616, 629, 621, 658, 661, 613, 609]
[623, 624, 632, 659, 615, 158, 662, 626]
[624, 626, 632, 623, 657, 659, 615, 662]
[625, 666, 628, 675, 645, 641, 663, 633]
[626, 657, 624, 632, 656, 623, 662, 615]
[627, 658, 655, 613, 611, 629, 616, 674]
[628, 633, 625, 636, 634, 620, 618, 666]
[629, 616, 622, 613, 658, 627, 609, 619]
[630, 610, 154, 163, 612, 631, 142, 155]
[631, 155, 619, 609, 613, 610, 154, 611]
[632, 615, 624, 623, 626, 657, 614, 635]
[633, 634, 620, 628, 643, 636, 641, 637]
[634, 633, 620, 636, 643, 628, 637, 641]
[635, 161, 156, 615, 139, 632, 158, 614]
[636, 620, 618, 637, 634, 628, 633, 659]
[637, 620, 636, 618, 158, 151, 152, 140]
[638, 640, 639, 119, 647, 120, 642, 646]
[639, 638, 647, 640, 119, 646, 642, 120]
[640, 638, 119, 647, 120, 639, 650, 646]
[641, 645, 643, 644, 633, 625, 634, 628]
[642, 639, 644, 651, 638, 646, 640, 643]
[643, 641, 645, 633, 634, 644, 642, 628]
[644, 651, 645, 641, 642, 116, 643, 646]
[645, 641, 643, 644, 625, 675, 633, 116]
[646, 647, 639, 651, 638, 640, 642, 652]
[647, 640, 638, 639, 646, 119, 650, 652]
[648, 649, 117, 121, 118, 170, 105, 168]
[649, 121, 117, 170, 648, 118, 105, 131]
[650, 652, 647, 640, 119, 638, 120, 639]
[651, 644, 646, 116, 642, 639, 645, 647]
  [652, 650, 647, 59, 104, 61, 640, 646]
[653, 661, 664, 621, 660, 667, 679, 658]
[654, 673, 612, 611, 682, 610, 627, 672]
[655, 658, 627, 674, 672, 677, 611, 613]
[656, 657, 660, 626, 664, 617, 614, 632]
[657, 626, 656, 624, 632, 615, 660, 623]
[658, 627, 655, 613, 629, 616, 611, 661]
[659, 662, 623, 618, 624, 158, 663, 632]
[660, 656, 664, 617, 657, 653, 621, 614]
[661, 653, 658, 621, 622, 655, 616, 629]
[662, 659, 663, 624, 623, 626, 618, 632]
[663, 662, 678, 665, 659, 666, 625, 628]
[664, 660, 653, 656, 680, 669, 661, 668]
  [665, 678, 663, 34, 676, 35, 662, 666]
 [666, 625, 675, 678, 663, 628, 34, 665]
[667, 679, 677, 674, 681, 653, 661, 655]
 [668, 680, 676, 671, 78, 664, 657, 656]
 [669, 679, 78, 683, 680, 667, 664, 653]
   [670, 79, 681, 48, 40, 672, 682, 684]
   [671, 78, 680, 668, 36, 676, 35, 669]
[672, 674, 677, 655, 681, 673, 682, 627]
[673, 654, 682, 612, 672, 611, 655, 627]
[674, 677, 655, 672, 667, 681, 658, 627]
  [675, 666, 625, 106, 645, 33, 77, 641]
 [676, 668, 680, 665, 671, 35, 678, 626]
[677, 674, 667, 681, 672, 655, 679, 658]
  [678, 665, 663, 34, 666, 676, 35, 662]
[679, 667, 669, 677, 681, 674, 653, 661]
 [680, 668, 671, 78, 664, 676, 669, 656]
[681, 677, 672, 667, 674, 679, 670, 655]
[682, 673, 654, 672, 612, 611, 674, 655]
     [683, 31, 669, 78, 45, 679, 80, 42]
       [684, 80, 47, 39, 48, 41, 40, 42]
     [685, 32, 44, 688, 687, 37, 35, 92]
     [686, 95, 93, 30, 81, 29, 690, 102]
     [687, 92, 688, 44, 685, 23, 21, 32]
     [688, 687, 92, 685, 46, 44, 29, 32]
       [689, 42, 94, 22, 45, 27, 47, 91]
    [690, 93, 691, 95, 21, 686, 695, 29]
    [691, 21, 690, 695, 93, 95, 92, 686]
 [692, 697, 702, 696, 20, 720, 703, 695]
   [693, 721, 722, 10, 696, 720, 27, 20]
    [694, 96, 698, 93, 88, 102, 97, 690]
  [695, 691, 690, 21, 698, 93, 697, 692]
   [696, 720, 20, 703, 10, 692, 24, 693]
[697, 702, 692, 695, 711, 712, 703, 691]
 [698, 694, 695, 93, 710, 690, 691, 701]
   [699, 719, 708, 718, 700, 707, 5, 16]
    [700, 708, 7, 699, 6, 709, 718, 716]
      [701, 710, 8, 9, 4, 709, 704, 698]
  [702, 697, 712, 703, 692, 711, 720, 3]
   [703, 720, 10, 702, 696, 712, 692, 2]
    [704, 715, 705, 4, 713, 716, 6, 709]
    [705, 713, 715, 716, 6, 704, 7, 709]
  [706, 707, 718, 708, 7, 717, 719, 705]
  [707, 706, 718, 708, 719, 7, 699, 700]
  [708, 7, 700, 718, 699, 707, 719, 716]
        [709, 6, 8, 716, 715, 9, 7, 704]
      [710, 701, 698, 8, 4, 9, 694, 709]
    [711, 712, 702, 3, 697, 703, 692, 2]
    [712, 711, 702, 3, 703, 697, 2, 692]
      [713, 705, 704, 715, 716, 6, 4, 7]
     [714, 1, 723, 721, 10, 722, 2, 693]
    [715, 716, 6, 705, 704, 713, 709, 7]
    [716, 6, 715, 705, 7, 704, 709, 713]
  [717, 706, 707, 718, 5, 719, 708, 699]
  [718, 707, 706, 708, 719, 699, 7, 700]
  [719, 699, 718, 5, 708, 707, 700, 706]
  [720, 696, 703, 10, 20, 702, 692, 693]
   [721, 722, 693, 10, 714, 1, 723, 720]
    [722, 721, 693, 723, 714, 12, 1, 11]